subclass,instance,wikiDataID,gender,age,birthYear,publication_year
Scientist,Robert_Mills_(physicist),Q547394,male,72,,2003.0
Scientist,Robert_Mitchell_(architect)__Robert_Mitchell__1,,,0,,
Scientist,Robert_Moir,Q79421074,male,58,,2019.0
Scientist,Robert_Mokaya,Q100731362,male,0,,2020.0
Scientist,Robert_Mond,Q3435947,male,157,,2006.0
Scientist,Robert_Montgomery_(physician),Q7347761,male,0,,2012.0
Scientist,Robert_Moody,Q370028,male,83,,2006.0
Scientist,Robert_Moray__Sir_Robert_Moray__1,,,0,,
Scientist,Robert_Morgan_Fink,Q22088672,male,97,,2015.0
Scientist,Robert_Morison__Robert_Morison__1,,,-341,,
Scientist,Robert_Morris_(cryptographer),Q1304547,male,79,,2003.0
Scientist,Robert_Morris_(mathematician),Q21706022,male,0,,2015.0
Scientist,Robert_Moser,Q7347842,male,0,,2024.0
Scientist,Robert_Muldrow,Q15995327,male,86,,2013.0
Scientist,Robert_Mulliken,,,0,,2004.0
Scientist,Robert_Mundell,Q219721,male,89,,2002.0
Scientist,Robert_Murphy_(mathematician),Q18734466,male,0,,2016.0
Scientist,Robert_Myers_(physicist),Q7347911,male,0,,2005.0
Scientist,Robert_N._Butler,Q465106,male,83,,2006.0
Scientist,Robert_N._Clayton,Q10363198,male,87,,2016.0
Scientist,Robert_N._Hall,Q1351884,male,97,,2006.0
Scientist,Robert_N._Trebits,Q7347938,male,0,,2012.0
Scientist,Robert_Naeye,Q108704126,male,0,,2021.0
Scientist,Robert_Nasmyth,Q30556764,male,79,,2017.0
Scientist,Robert_Nason_Beck,Q7347959,male,0,,2008.0
Scientist,Robert_Nederpelt_Lazarom,,,0,,
Scientist,Robert_Nesheim,Q7347997,male,0,,2008.0
Scientist,Robert_Neubauer,Q7348001,male,74,,2012.0
Scientist,Robert_Noble,Q2157975,male,80,,2012.0
Scientist,Robert_Nola,Q105243708,male,82,,2021.0
Scientist,Robert_Nosofsky,Q43325410,male,0,,2017.0
Scientist,Robert_O._Becker,Q2158400,male,101,,2010.0
Scientist,Robert_O._Pihl,Q20006876,male,85,,2015.0
Scientist,Robert_O._Ritchie,Q30140460,male,0,,2017.0
Scientist,Robert_Odoni,,,0,,
Scientist,Robert_Ogden_Doremus,Q2158412,male,82,,2011.0
Scientist,Robert_Oppenheimer,,,0,,2015.0
Scientist,Robert_Osserman,Q981938,male,85,,2008.0
Scientist,Robert_Oswald_Moon,Q16066658,male,88,,2014.0
Scientist,Robert_P._Celarier,Q7348211,male,-65,,2010.0
Scientist,Robert_P._Goldberg,Q18027433,male,50,,2014.0
Scientist,Robert_P._Gordon,Q7344858,male,79,,2013.0
Scientist,Robert_P._Higgins,Q3436025,male,92,,2013.0
Scientist,Robert_P._Hoyt,Q7348213,male,56,,2008.0
Scientist,Robert_P._Kirshner,,,0,,2011.0
Scientist,Robert_P._Lipton,Q102188261,male,0,,2022.0
Scientist,Robert_P._Madden,Q7348223,male,-10,,2009.0
Scientist,Robert_P._Multhauf,Q7348228,male,0,,2012.0
Scientist,Robert_P._Wagner,Q28203443,male,106,,2017.0
Scientist,Robert_Paxton,Q1229212,male,92,,2006.0
Scientist,Robert_Pego,,,0,,
Scientist,Robert_Peirson,Q33026254,male,70,,2017.0
Scientist,Robert_Penner,Q87167335,male,0,,2019.0
Scientist,Robert_Pepper,Q7348832,male,76,,2011.0
Scientist,Robert_Perloff,Q1720624,male,92,,2005.0
Scientist,Robert_Phelps,Q6487139,male,87,,2011.0
Scientist,Robert_Plomin,Q3401334,male,0,,2006.0
Scientist,Robert_Plonsey,Q7348932,male,91,,2009.0
Scientist,Robert_Pohl,Q85706,male,0,,2019.0
Scientist,Robert_Pollack_(biologist),Q7348949,male,84,,2006.0
Scientist,Robert_Pound,Q321231,male,91,,2008.0
Scientist,Robert_Prehoda,Q7349011,male,78,,2010.0
Scientist,Robert_Prim,,,0,,2007.0
Scientist,Robert_Proust,Q2410298,male,62,,2018.0
Scientist,Robert_R._Caldwell,Q3436135,male,0,,2017.0
Scientist,Robert_R._Coats,Q7349092,male,85,,2006.0
Scientist,Robert_R._Gaines,Q96361600,male,0,,2020.0
Scientist,Robert_R._Korfhage,Q7349104,male,94,,2007.0
Scientist,Robert_R._Reisz,Q7349117,male,0,,2007.0
Scientist,Robert_R._Shannon,Q7349122,male,0,,2009.0
Scientist,Robert_R._Sokal,Q2158553,male,86,,2008.0
Scientist,Robert_R._Squires,Q18738873,male,71,,2014.0
Scientist,Robert_R._Wagner,Q26701493,male,78,,2016.0
Scientist,Robert_R._Williams,Q901249,male,79,,2007.0
Scientist,Robert_R._Wilson,Q705994,male,86,,2004.0
Scientist,Robert_Raguso,Q61948939,male,59,,2020.0
Scientist,Robert_Ramsay_Wright,Q7349157,male,81,,2009.0
Scientist,Robert_Ranulph_Marett,Q1381109,male,0,,2006.0
Scientist,Robert_Raven,Q2273486,male,0,,2009.0
Scientist,Robert_Raynolds_McMath,Q7349187,male,133,,2004.0
Scientist,Robert_Recorde,Q318192,male,0,,2003.0
Scientist,Robert_Redfield,Q1773328,male,61,,2005.0
Scientist,Robert_Remak,Q62088,male,209,,2006.0
Scientist,Robert_Remak_(mathematician),Q76220,male,136,,2010.0
Scientist,Robert_Remez,Q7349236,male,0,,2006.0
Scientist,Robert_Rennaker,Q88038354,male,0,,2022.0
Scientist,Robert_René_Kuczynski,Q91913,male,71,,2006.0
Scientist,Robert_Resnick,Q8214150,male,91,,2006.0
Scientist,Robert_Retherford,Q7349244,male,0,,2012.0
Scientist,Robert_Richard_Anstice,Q18300375,male,40,,2016.0
Scientist,Robert_Richardson_Sears,Q7349279,male,116,,2009.0
Scientist,Robert_Ricklefs,Q1267340,male,81,,2008.0
Scientist,Robert_Ricks,Q22280029,male,0,,2011.0
Scientist,Robert_Ridgway,Q940473,male,79,,2004.0
Scientist,Robert_Ritt,,,0,,
Scientist,Robert_Ritter,Q68643,male,123,,2006.0
Scientist,Robert_Robinson_(organic_chemist),Q49351,male,0,,2018.0
Scientist,Robert_Rodriguez_(physician),Q91005563,male,0,,2020.0
Scientist,Robert_Rohde,Q16735282,male,0,,2014.0
Scientist,Robert_Rosen_(biologist),Q3736628,male,64,,2003.0
Scientist,Robert_Rosen_(theoretical_biologist),,,0,,2021.0
Scientist,Robert_Rosenthal_(psychologist),Q1365573,male,91,,2006.0
Scientist,Robert_Roskoski,,,0,,2022.0
Scientist,Robert_Rosner,Q7349387,male,0,,2007.0
Scientist,Robert_Rumely,Q1519500,male,0,,2009.0
Scientist,Robert_Rush_Miller,Q2920872,male,87,,2007.0
Scientist,Robert_Russell_Newton,Q324033,male,73,,2007.0
Scientist,Robert_S._Barton,Q93099,male,99,,2005.0
Scientist,Robert_S._Dietz,Q733667,male,0,,2005.0
Scientist,Robert_S._Doran,Q16104652,male,87,,2013.0
Scientist,Robert_S._Haltiwanger,Q7349471,male,0,,2011.0
Scientist,Robert_S._Hogg,Q37837778,male,0,,2022.0
Scientist,Robert_S._Kennedy,,,0,,
Scientist,Robert_S._Kraemer,Q19845195,male,-7,,2013.0
Scientist,Robert_S._Langer,Q669597,male,76,,2005.0
Scientist,Robert_S._McMillan_(astronomer),Q602643,male,0,,2004.0
Scientist,Robert_S._Mulliken,Q233355,male,90,,2002.0
Scientist,Robert_S._Neuwirth__Robert_S._Neuwirth__1,,,80,,
Scientist,Robert_S._P._Beekes,Q2508757,male,80,,2005.0
Scientist,Robert_S._Poston,Q7348990,male,57,,2010.0
Scientist,Robert_S._Rosenson,Q88134816,male,0,,2019.0
Scientist,Robert_S._Shankland,Q7349506,male,74,,2004.0
Scientist,Robert_S._Woodworth,Q725904,male,155,,2005.0
Scientist,Robert_S._Wyer,Q7349527,male,0,,2010.0
Scientist,Robert_Sapolsky,Q3118802,male,67,,2005.0
Scientist,Robert_Schaaf,Q7349606,male,67,,2006.0
Scientist,Robert_Schapire,Q3436251,male,0,,2007.0
Scientist,Robert_Schatten,Q1247528,male,66,,2010.0
Scientist,Robert_Schimke,Q2158939,male,82,,2015.0
Scientist,Robert_Schlapp,Q37631899,male,0,,2018.0
Scientist,Robert_Schlögl,Q1284423,male,70,,2019.0
Scientist,Robert_Schmieder,Q16105771,male,83,,2013.0
Scientist,Robert_Schommer,Q7349627,male,55,,2009.0
Scientist,Robert_Schrader,,,0,,2023.0
Scientist,Robert_Schrock,,,0,,
Scientist,Robert_Scott_Steedman,Q75905104,male,66,,2022.0
Scientist,Robert_Sedgewick_(computer_scientist),Q92983,male,78,,2003.0
Scientist,Robert_Serber,Q1385071,male,88,,2004.0
Scientist,Robert_Shapiro_(chemist),Q446561,male,76,,2009.0
Scientist,Robert_Shaw_Egan,Q21387748,male,0,,2021.0
Scientist,Robert_Shiller,,,0,,2010.0
Scientist,Robert_Shope,Q23010265,male,0,,2016.0
Scientist,Robert_Shostak,Q61750064,male,76,,2019.0
Scientist,Robert_Sibbald,Q360689,male,383,,2005.0
Scientist,Robert_Simpson_(meteorologist),Q3436307,male,102,,2006.0
Scientist,Robert_Simson,Q1370937,male,81,,2002.0
Scientist,Robert_Sinclair_MacKay,Q11108478,male,68,,2013.0
Scientist,Robert_Singerman,Q7349816,male,0,,2006.0
Scientist,Robert_Slade,Q7349836,male,0,,2008.0
Scientist,Robert_Slocum,Q53003393,male,0,,2018.0
Scientist,Robert_Smith_(mathematician),Q1747469,male,79,,2004.0
Scientist,Robert_Smock,Q113679500,male,78,,2022.0
Scientist,Robert_Solovay,,,0,,2005.0
Scientist,Robert_Solow,Q157268,male,100,,2003.0
Scientist,Robert_Somerville,Q7349913,male,0,,2008.0
Scientist,Robert_Sorgenfrey,Q383976,male,81,,2009.0
Scientist,Robert_Spekkens,Q102434111,male,0,,2022.0
Scientist,Robert_Spitzer_(psychiatrist),Q653207,male,83,,2005.0
Scientist,Robert_Stanton_Avery,Q7350003,male,0,,2012.0
Scientist,Robert_Statham_Williams,Q21387977,male,86,,2019.0
Scientist,Robert_Steffen,Q85797537,male,0,,2020.0
Scientist,Robert_Steinberg,Q201480,male,0,,2006.0
Scientist,Robert_Stephen_Adamson,Q3436355,male,139,,2016.0
Scientist,Robert_Stephen_John_Sparks,Q2158896,male,75,,2009.0
Scientist,Robert_Sternberg,Q362357,male,75,,2004.0
Scientist,Robert_Sternberg,Q90460366,,75,,2004.0
Scientist,Robert_Stevens_(scientist),Q7343410,male,59,,2006.0
Scientist,Robert_Stirling_Newall,Q7350082,male,212,,2006.0
Scientist,Robert_Stockman,Q28086271,male,71,,2016.0
Scientist,Robert_Stoller,Q351788,male,67,,2006.0
Scientist,Robert_Stoneley,,,0,,
Scientist,Robert_Stong,,,0,,2012.0
Scientist,Robert_Strang_(physician),Q96402252,male,0,,2020.0
Scientist,Robert_Strichartz,Q2158901,male,0,,2014.0
Scientist,"Robert_Strutt,_4th_Baron_Rayleigh",Q922383,male,72,,2006.0
Scientist,Robert_Stuart_Edgar,Q55949021,male,86,,2018.0
Scientist,Robert_Sussman,Q26213668,male,75,,2016.0
Scientist,Robert_Sutor,,,0,,
Scientist,Robert_Sylwester,Q15442818,male,89,,2009.0
Scientist,Robert_T._Bakker,Q352107,male,79,,2004.0
Scientist,Robert_T._Francoeur,Q7350220,male,81,,2006.0
Scientist,Robert_T._Hill,Q7350226,male,83,,2009.0
Scientist,Robert_T._Hill,Q75974030,male,83,,2009.0
Scientist,Robert_T._Knapp,,,0,,
Scientist,Robert_T._Lackey,Q7350235,male,0,,2011.0
Scientist,Robert_T._Morris,,,0,,2005.0
Scientist,Robert_T._Orr,Q7350244,male,86,,2011.0
Scientist,Robert_T._Paine_(zoologist),Q7350247,male,83,,2011.0
Scientist,Robert_T._Pennock,Q7350245,male,0,,2005.0
Scientist,Robert_T._Sauer,Q47468309,male,76,,2019.0
Scientist,Robert_T._Schooley,Q64746883,male,75,,2019.0
Scientist,Robert_Tarjan,Q92638,male,76,,2002.0
Scientist,Robert_Taylor_(computer_scientist),Q93038,male,85,,2004.0
Scientist,Robert_Thomas_Aitken,Q95147740,male,87,,2020.0
Scientist,Robert_Thomas_Moore,Q3436404,male,76,,2009.0
Scientist,Robert_Thomas_Sanderson,Q18738851,male,0,,2014.0
Scientist,Robert_Thomas_Smythe,,,0,,
Scientist,Robert_Thomson_Leiper,Q3436403,male,88,,2013.0
Scientist,Robert_Thurman,Q1377791,male,83,,2004.0
Scientist,Robert_Tibshirani,Q3938444,male,68,,2011.0
Scientist,Robert_Tienwen_Chien,Q27839507,male,52,,2016.0
Scientist,Robert_Tigerstedt,Q553859,male,70,,2012.0
Scientist,Robert_Tijdeman,Q450858,male,81,,2007.0
Scientist,Robert_Tjian,Q906579,male,0,,2008.0
Scientist,Robert_Tomasulo,Q923392,male,74,,2005.0
Scientist,Robert_Triffin,Q1710365,male,82,,2006.0
Scientist,Robert_Trivers,Q918334,male,81,,2005.0
Scientist,Robert_Truax,Q3436439,male,93,,2006.0
Scientist,Robert_Tucker_(mathematician),Q15842741,male,73,,2017.0
Scientist,Robert_Turner_(scientist),Q7350510,male,0,,2010.0
Scientist,Robert_Tycko,Q18156760,male,0,,2014.0
Scientist,Robert_Ulanowicz,Q7350531,male,81,,2005.0
Scientist,Robert_V._Bruce,Q3938455,male,85,,2011.0
Scientist,Robert_V._Gentry,Q3435210,male,87,,2006.0
Scientist,Robert_V._Hogg,Q7350544,male,90,,2010.0
Scientist,Robert_V._Kohn,Q2159050,male,0,,2015.0
Scientist,Robert_V._Levine,Q2159048,male,74,,2016.0
Scientist,Robert_V._Shannon,Q55138324,male,0,,2018.0
Scientist,Robert_Vallée,Q3436456,male,102,,2009.0
Scientist,Robert_Vaught,,,0,,2005.0
Scientist,Robert_Vince_(scientist),Q19981105,male,84,,2014.0
Scientist,Robert_Vipper,,,0,,2015.0
Scientist,Robert_W._Bower,Q366221,male,88,,2008.0
Scientist,Robert_W._Boyd,Q93819,male,76,,2011.0
Scientist,Robert_W._Cahn,Q15456652,male,100,,2007.0
Scientist,Robert_W._Cairns,Q41450103,male,76,,2016.0
Scientist,Robert_W._Conn,Q29477858,male,82,,2017.0
Scientist,Robert_W._Decker,Q1621900,male,97,,2014.0
Scientist,Robert_W._Doran,Q47512307,male,74,,2018.0
Scientist,Robert_W._Farquhar,Q18390766,male,83,,2014.0
Scientist,Robert_W._Field,Q84042,male,80,,2007.0
Scientist,Robert_W._Floyd,Q92641,male,65,,2003.0
Scientist,Robert_W._Gore,Q285283,male,83,,2007.0
Scientist,Robert_W._Heath_Jr.,Q19878704,male,51,,2015.0
Scientist,Robert_W._Holley,Q108891,male,71,,2005.0
Scientist,Robert_W._Lucky,Q15514491,male,86,,2005.0
Scientist,Robert_W._Mitchell,Q7350713,male,77,,2012.0
Scientist,Robert_W._Wood,Q550926,male,87,,2004.0
Scientist,Robert_Wade_(scholar),Q7350776,male,0,,2010.0
Scientist,Robert_Wald,Q933683,male,0,,2006.0
Scientist,Robert_Walker_Hay,Q27460890,male,65,,2016.0
Scientist,Robert_Wallace_Wilkins,Q7350815,male,97,,2008.0
Scientist,Robert_Walter_Johnson,Q1333297,male,72,,2007.0
Scientist,Robert_Warfield,,,0,,
Scientist,Robert_Wartenberg,Q69779,male,69,,2004.0
Scientist,Robert_Watson-Watt,Q342591,male,81,,2002.0
Scientist,Robert_Watson_(chemist),Q4356270,male,76,,2002.0
Scientist,Robert_Watson_(computer_scientist),Q7350894,male,47,,2005.0
Scientist,Robert_Wayne_Alexander,Q58813159,male,83,,2018.0
Scientist,Robert_Wayne_Thomason,Q1701443,male,0,,2011.0
Scientist,Robert_Wears,Q45478254,male,-7,,2022.0
Scientist,Robert_Webster_(virologist),Q2159171,male,92,,2005.0
Scientist,Robert_Weinberg,Q2159166,,0,,2020.0
Scientist,Robert_Weinberg,Q701506,male,0,,2020.0
Scientist,Robert_Weinberg_(biologist),Q2159166,,82,,2006.0
Scientist,Robert_Weinberg_(biologist),Q701506,male,82,,2006.0
Scientist,Robert_Weitbrecht,Q7350946,male,63,,2006.0
Scientist,Robert_Were_Fox_the_Younger,Q7350971,male,235,,2006.0
Scientist,Robert_West_(chemist),Q7350978,male,94,,2005.0
Scientist,Robert_Westbrook_(historian),,,0,,2014.0
Scientist,Robert_Whittaker_(ecologist),Q336893,male,60,,2005.0
Scientist,Robert_Whytlaw-Gray,Q321345,male,81,,2002.0
Scientist,Robert_Wichard_Pohl,Q85706,male,92,,2006.0
Scientist,Robert_Wilensky,Q15480023,male,-25,,2016.0
Scientist,Robert_Wilhelm_Bunsen,,,0,,2002.0
Scientist,Robert_Wilhelmson,,,0,,
Scientist,Robert_Willan,Q1488086,male,0,,2005.0
Scientist,Robert_Willard_Hodgson,Q18640646,male,131,,2014.0
Scientist,Robert_William_Boyle,Q3436560,male,72,,2008.0
Scientist,Robert_William_Hamilton_Jr.,Q16019203,male,-13,,2013.0
Scientist,Robert_Williams_(English_chemist),Q1193089,male,89,,2008.0
Scientist,Robert_Williams_(chemist),,,0,,2020.0
Scientist,Robert_Williams_(geometer),Q7351130,male,0,,2009.0
Scientist,Robert_Williams_(psychologist),Q7351131,male,90,,2008.0
Scientist,Robert_Williamson_(geneticist),Q2159209,male,0,,2018.0
Scientist,Robert_Willis_(physician),Q7351138,male,-146,,2012.0
Scientist,Robert_Wintgen,Q4308421,male,142,,2009.0
Scientist,Robert_Wipper,Q4111987,male,95,,2015.0
Scientist,Robert_Wolak,Q48847117,male,69,,2019.0
Scientist,Robert_Wolke,Q346876,male,93,,2006.0
Scientist,Robert_Wood_(roboticist),Q7351220,male,0,,2011.0
Scientist,Robert_Woodbury_(athlete),Q16186956,male,0,,2014.0
Scientist,Robert_Woodhouse,Q710911,male,54,,2004.0
Scientist,Robert_Woodrow_Wilson,Q171034,male,88,,2003.0
Scientist,Robert_Wurtz,Q2157425,male,88,,2013.0
Scientist,Robert_X._Browning,Q7351297,male,0,,2006.0
Scientist,Robert_Yerkes,Q1399298,male,80,,2002.0
Scientist,Robert_Young_(materials_scientist),Q20970668,male,76,,2017.0
Scientist,Robert_Zajonc,Q914495,male,101,,2005.0
Scientist,Robert_Zeidman,Q22087916,male,64,,2015.0
Scientist,Robert_Zieger,Q2159260,male,75,,2006.0
Scientist,Robert_Zubrin,Q504677,male,72,,2001.0
Scientist,Robert_du_Buysson,Q1970697,male,85,,2021.0
Scientist,Robert_du_Buysson,Q3436756,male,85,,2021.0
Scientist,Robert_van_Voren,Q20982770,male,65,,2015.0
Scientist,Robert_von_Lieben,Q114560,male,0,,2005.0
Scientist,Robert_von_Mohl,Q62664,male,76,,2005.0
Scientist,Robert_von_Welz,Q24068892,male,64,,2016.0
Scientist,Robert_von_Zimmermann,Q84664,male,0,,2006.0
Scientist,Roberta_Farrell,Q24718117,female,0,,2016.0
Scientist,Roberta_Guerrina,Q93150710,female,0,,2020.0
Scientist,Roberta_Hamme,Q81060010,female,0,,2020.0
Scientist,Roberta_Marinelli,Q107568451,female,0,,2021.0
Scientist,Roberta_Rudnick,Q39383093,female,66,,2018.0
Scientist,Roberta_Sigel,Q101864677,female,0,,2020.0
Scientist,Roberta_Sinatra,Q112567654,,0,,2021.0
Scientist,Roberto_Abraham,Q3436818,male,59,,2006.0
Scientist,Roberto_Avanzi,,,0,,
Scientist,Roberto_Azurdia,Q7351589,male,0,,2006.0
Scientist,Roberto_Battiston,Q22233597,male,68,,2020.0
Scientist,Roberto_Battiti,Q7351594,male,0,,2010.0
Scientist,Roberto_Caldeyro-Barcia,Q6746514,male,75,,2007.0
Scientist,Roberto_Cazzolla_Gatti,Q42907466,male,40,,
Scientist,Roberto_Cipolla,Q97571377,male,0,,2021.0
Scientist,Roberto_Conti_(mathematician),Q3938714,male,83,,2016.0
Scientist,Roberto_DaMatta,Q4348988,male,88,,2007.0
Scientist,Roberto_Donoso-Barros,Q3436884,male,54,,2020.0
Scientist,Roberto_Duarte_Silva,Q904665,male,52,,2013.0
Scientist,Roberto_González_Echevarría,Q7351724,male,0,,2008.0
Scientist,Roberto_Ierusalimschy,Q1840472,male,64,,2005.0
Scientist,Roberto_Kolter,Q7351763,male,0,,2009.0
Scientist,Roberto_Landell_de_Moura,Q946570,male,67,,2006.0
Scientist,Roberto_Longhi,Q1361667,male,80,,2007.0
Scientist,Roberto_Longo_(mathematician),Q74576041,male,71,,2019.0
Scientist,Roberto_Malinow,Q23908909,male,68,,2016.0
Scientist,Roberto_Morandotti,Q17386411,male,0,,2014.0
Scientist,Roberto_Paoletti,,,0,,
Scientist,Roberto_Peccei,Q2159576,male,78,,2005.0
Scientist,Roberto_Pieraccini,Q7351848,male,69,,2010.0
Scientist,Roberto_Refinetti,Q59695955,,67,,2009.0
Scientist,Roberto_Refinetti,Q7351865,male,67,,2009.0
Scientist,Roberto_Stella,Q87558710,male,68,,2020.0
Scientist,Roberto_Tamassia,Q7351921,male,0,,2009.0
Scientist,Roberto_Tempo,Q30344552,male,61,,2017.0
Scientist,Roberto_Wernicke,Q6110060,male,70,,2019.0
Scientist,Roberto_de_Visiani,Q1389217,male,78,,2017.0
Scientist,Roberts_Bartholow,Q1494182,male,73,,2006.0
Scientist,Roberts_Rugh,Q17403701,male,121,,2014.0
Scientist,Robin_Allshire,Q21165769,male,0,,2016.0
Scientist,Robin_B._Foster,Q108789606,male,0,,2021.0
Scientist,Robin_Baker_(biologist),Q7352239,male,0,,2011.0
Scientist,Robin_Ball,,,0,,
Scientist,Robin_Batterham,Q7352243,male,83,,2008.0
Scientist,Robin_Bell_(scientist),Q24593723,female,0,,2016.0
Scientist,Robin_Berjon,Q15710842,male,47,,2014.0
Scientist,Robin_Bullough,Q7352299,male,95,,2007.0
Scientist,Robin_Carrell,Q18049685,male,88,,2014.0
Scientist,Robin_Chapman_(mathematician),,,0,,
Scientist,Robin_Clark_(chemist),Q21165775,male,83,,2018.0
Scientist,Robin_Coombs,Q322162,male,85,,2005.0
Scientist,Robin_Corley,Q77058633,male,0,,2019.0
Scientist,Robin_Devenish,Q1524949,male,0,,2009.0
Scientist,Robin_Dunbar,Q1935522,male,77,,2004.0
Scientist,Robin_Engel,Q47087757,female,0,,2018.0
Scientist,Robin_Fawcett,Q110454857,male,0,,2022.0
Scientist,Robin_Fleming,Q15734412,female,0,,2014.0
Scientist,Robin_Gandy,Q249984,male,76,,2005.0
Scientist,Robin_Grimes,Q55129860,male,0,,2018.0
Scientist,Robin_Hartshorne,Q1356332,male,86,,2006.0
Scientist,Robin_Hill_(biochemist),Q385803,male,92,,2005.0
Scientist,Robin_J._H._Clark,,,0,,2018.0
Scientist,Robin_Koops,Q107650682,male,0,,2021.0
Scientist,Robin_Lakoff,Q7352610,female,82,,2005.0
Scientist,Robin_Ling,Q42429473,male,90,,2017.0
Scientist,Robin_Lovell-Badge,Q20706796,male,0,,2015.0
Scientist,Robin_Lyth_Hudson,Q13365232,male,81,,2023.0
Scientist,Robin_M._Hochstrasser,Q15990046,male,82,,2013.0
Scientist,Robin_Marshall,Q21165778,male,0,,2017.0
Scientist,Robin_Milner,Q92643,male,76,,2002.0
Scientist,Robin_Murray,Q7352679,male,80,,2005.0
Scientist,Robin_Neill,Q7352682,male,-10,,2006.0
Scientist,Robin_Peace,Q59193195,female,0,,2018.0
Scientist,Robin_Pemantle,,,0,,
Scientist,Robin_Plackett,Q7352718,male,89,,2008.0
Scientist,Robin_Popplestone,Q7352723,male,66,,2005.0
Scientist,Robin_Reed_(biologist),Q115532438,female,66,,2022.0
Scientist,Robin_Reid_(environmental_scientist),Q111798672,female,0,,2022.0
Scientist,Robin_Room,Q22096670,male,85,,2015.0
Scientist,Robin_Rönnlund,Q12354597,male,0,,2021.0
Scientist,Robin_Saxby,Q7352762,male,77,,2009.0
Scientist,Robin_Shattock,Q84767097,male,0,,2020.0
Scientist,Robin_Sibson,Q7352782,male,73,,2008.0
Scientist,Robin_Stinchcombe,,,0,,
Scientist,Robin_Thomas_(mathematician),Q2159915,male,58,,2009.0
Scientist,Robin_W._G._Horton,Q7352842,male,0,,2012.0
Scientist,Robin_Wall_Kimmerer,Q7352852,female,0,,2007.0
Scientist,Robin_Warren,Q208670,male,87,,2004.0
Scientist,Robin_Williams_(academic),Q27252,male,72,,2012.0
Scientist,Robin_Williams_(academic),Q42954305,,72,,2012.0
Scientist,Robin_Wilson_(mathematician),Q945772,male,81,,2005.0
Scientist,Robion_Kirby,Q1385486,male,86,,2005.0
Scientist,Robley_C._Williams,Q4163158,male,87,,2006.0
Scientist,Robley_D._Evans_(physicist),Q17182654,male,0,,2022.0
Scientist,Roboty,Q7353479,,0,,2010.0
Scientist,Roby_Muhamad,Q19731586,male,49,,2018.0
Scientist,Robyn_Alders,Q18390841,female,0,,2014.0
Scientist,Robyn_E._Hannigan,Q57880044,female,0,,2020.0
Scientist,Robyn_Francis,Q7353590,female,0,,2011.0
Scientist,Robyn_Guymer,Q56440759,female,0,,2019.0
Scientist,Robyn_Longhurst,Q61961509,female,0,,2019.0
Scientist,Robyn_Mary_Barker,Q21505668,female,0,,2019.0
Scientist,Robyn_Millan,Q26923119,female,0,,2016.0
Scientist,Robyn_Munford,Q56284415,female,0,,2018.0
Scientist,Robyn_Norton,Q104444624,female,69,,2020.0
Scientist,Robyn_Phipps,Q56331781,female,0,,2018.0
Scientist,Robyn_S._Klein,Q89303656,female,0,,2020.0
Scientist,Rocco_Jemma,Q3939579,male,83,,2009.0
Scientist,Rochel_Gelman,Q7353865,female,0,,2008.0
Scientist,Rochelle_Buffenstein,Q17488221,female,0,,2014.0
Scientist,Rochelle_Diamond,Q76490829,female,0,,2019.0
Scientist,Rock_fragment,Q7354813,,0,,2009.0
Scientist,Rod_Bieleski,Q18043662,male,85,,2014.0
Scientist,Rod_Burstall,Q7356136,male,0,,2007.0
Scientist,Rod_C._Alferness,Q7356139,male,0,,2009.0
Scientist,Rod_Carr_(administrator),Q18631836,male,0,,2014.0
Scientist,Rod_Crewther,Q7356160,male,75,,2005.0
Scientist,Rod_Jackson_(epidemiologist),Q39875282,male,0,,2022.0
Scientist,Rod_Johnson_(programmer),Q7356250,male,0,,2012.0
Scientist,Roddam_Narasimha,Q4121995,male,87,,2006.0
Scientist,Roderic_Ai_Camp,Q7356567,male,0,,2009.0
Scientist,Roderic_D._M._Page,Q7356570,male,0,,2006.0
Scientist,Roderic_Quirk,Q112871690,,0,,2022.0
Scientist,Roderick_Barnes,,,0,,2016.0
Scientist,Roderick_J._A._Little,Q102116817,male,0,,2020.0
Scientist,Roderick_J._McDavis,Q7356623,male,76,,2024.0
Scientist,Roderick_Lim,Q17811719,male,0,,2014.0
Scientist,Roderick_MacKinnon,Q211482,male,68,,2004.0
Scientist,Roderick_Melnik,Q7356656,male,0,,2010.0
Scientist,Roderick_Melnik,Q82815308,,0,,2010.0
Scientist,Roderick_Murchison,Q361900,male,79,,2003.0
Scientist,Roderick_Oliver_Redman,Q4392208,male,0,,2008.0
Scientist,Roderick_S._C._Wong,Q47517808,male,80,,2017.0
Scientist,Roderick_Sprague,Q7356683,male,79,,2004.0
Scientist,Rodger_Doxsey,Q7356723,male,62,,2009.0
Scientist,Rodica_Simion,Q2161114,female,0,,2013.0
Scientist,Rodion_Kuzmin,Q959719,male,58,,2011.0
Scientist,Rodman_W._Paul,Q16011956,male,0,,2013.0
Scientist,Rodney_Baxter,Q1718012,male,84,,2006.0
Scientist,Rodney_Brooks,Q92809,male,70,,2004.0
Scientist,Rodney_C._Ewing,Q22004235,male,78,,2015.0
Scientist,Rodney_H._Banks,Q7356934,male,71,,2013.0
Scientist,Rodney_Higgins,Q104066188,male,0,,2020.0
Scientist,Rodney_Hill,Q2161191,male,90,,2008.0
Scientist,Rodney_J._Bartlett,Q11203177,male,80,,2005.0
Scientist,Rodney_Ledward,Q52240091,male,62,,2018.0
Scientist,Rodney_Loudon,Q1690546,male,90,,2016.0
Scientist,Rodney_M._Coe,Q88802869,male,81,,2020.0
Scientist,Rodney_Priestley,Q87612356,male,0,,2020.0
Scientist,Rodney_Robert_Porter,Q295700,male,68,,2004.0
Scientist,Rodney_S._Ruoff,Q7357059,male,0,,2010.0
Scientist,Rodney_Wilson_(museum_director),Q22133001,male,-11,,2016.0
Scientist,Rodolfo_Benini,Q7357136,male,94,,2011.0
Scientist,Rodolfo_Cabangbang,Q17402694,male,0,,2014.0
Scientist,Rodolfo_Casamiquela,Q1189876,male,76,,2012.0
Scientist,Rodolfo_Gambini,Q1281950,male,78,,2004.0
Scientist,Rodolfo_Llinás,Q2337396,male,90,,2005.0
Scientist,Rodolphe_Barrangou,Q23638664,male,0,,2016.0
Scientist,Rodrigo_Bernal,Q1729622,male,65,,2007.0
Scientist,Rodrigo_Escobar,Q6110682,male,0,,2014.0
Scientist,Rodrigo_Medellín,Q17285575,male,0,,2014.0
Scientist,Rodrigue_Tremblay,Q3438506,male,85,,2006.0
Scientist,Roe_Goodman,,,0,,
Scientist,Roel_Nusse,Q7357582,male,74,,2012.0
Scientist,Roel_Ophoff,Q58911354,male,54,,2021.0
Scientist,Roel_Sterckx,Q1957972,male,0,,2007.0
Scientist,Roel_Vermeulen,Q106824147,,54,,2021.0
Scientist,Roel_Vertegaal,Q16201751,male,56,,2013.0
Scientist,Roeland_Nolte,Q27104147,male,80,,2020.0
Scientist,Roelf_Krans,,,0,,
Scientist,Roelof_Benjamin_van_den_Bosch,Q3438551,male,214,,2017.0
Scientist,Rogel_Mari_Sese,Q65030802,male,0,,2019.0
Scientist,Roger-Paul_Dechambre,Q21339053,male,-8,,2018.0
Scientist,Roger_A._Pielke,Q2161569,male,78,,2004.0
Scientist,Roger_A._Pielke_Jr.,Q2161560,male,56,,2004.0
Scientist,Roger_A._Sheldon,Q20006798,male,82,,2015.0
Scientist,Roger_Adams,Q1534144,male,82,,2005.0
Scientist,Roger_Ainsworth,Q14945640,male,68,,2007.0
Scientist,Roger_Angel,Q2161590,male,83,,2010.0
Scientist,Roger_Arliner_Young,Q7357808,female,-60,,2006.0
Scientist,Roger_Barker,Q7357837,male,0,,2006.0
Scientist,Roger_Bartra,Q7357846,male,82,,2011.0
Scientist,Roger_Batzel,Q16820515,male,79,,2014.0
Scientist,Roger_Bingham,Q7357866,male,0,,2008.0
Scientist,Roger_Blandford,Q2161615,male,75,,2007.0
Scientist,Roger_Blench,Q4088081,male,71,,2005.0
Scientist,Roger_Boisjoly,Q36245,male,74,,2005.0
Scientist,Roger_Bowers,,,0,,
Scientist,Roger_Breeze,Q27825324,male,70,,2016.0
Scientist,Roger_Brent,Q19865677,male,69,,2015.0
Scientist,Roger_Butlin,Q30102257,male,0,,2022.0
Scientist,Roger_Carpenter,Q7357954,male,72,,2009.0
Scientist,Roger_Carter_(mathematician),Q3940114,male,90,,2006.0
Scientist,Roger_Charles_Carolin,Q5393862,male,95,,2019.0
Scientist,Roger_Charlier,Q105965558,male,97,,2021.0
Scientist,Roger_Chevalier,Q12270118,male,0,,2017.0
Scientist,Roger_Cooper_(paleontologist),Q58460566,male,81,,2021.0
Scientist,Roger_Cotes,Q451667,male,34,,2003.0
Scientist,Roger_Cowley,Q1792545,male,85,,2005.0
Scientist,Roger_D._Kornberg,Q170676,male,77,,2006.0
Scientist,Roger_Dashen,Q1284966,male,57,,2015.0
Scientist,Roger_Edwards_(meteorologist),Q17385875,male,0,,2014.0
Scientist,Roger_Ekins,Q7358148,male,0,,2011.0
Scientist,Roger_Elliott_(physicist),Q473397,male,0,,2011.0
Scientist,Roger_Evans_(researcher),,,0,,
Scientist,Roger_Evans_Howe,Q2161738,male,79,,2007.0
Scientist,Roger_Everett_Summons,Q17025799,male,78,,2013.0
Scientist,Roger_F._Harrington,Q96077038,male,99,,2020.0
Scientist,Roger_Falconer,Q51611000,male,73,,2020.0
Scientist,Roger_Field_(plant_scientist),Q7358183,male,78,,2009.0
Scientist,Roger_Godement,Q930720,male,0,,2004.0
Scientist,Roger_Gosden,Q28746195,male,76,,2017.0
Scientist,Roger_Gregory_(programmer),Q7358262,male,0,,2006.0
Scientist,Roger_Griffin_(astronomer),Q96475592,male,86,,2019.0
Scientist,Roger_Guilard,Q65029111,male,0,,2018.0
Scientist,Roger_Guillemin,Q242169,male,100,,2005.0
Scientist,Roger_Hanlon,Q57010924,male,77,,2021.0
Scientist,Roger_Heath-Brown,Q951263,male,72,,2005.0
Scientist,Roger_Heim,Q2582566,male,79,,2008.0
Scientist,Roger_Highfield,Q16192753,male,0,,2013.0
Scientist,Roger_Horn,Q28794189,male,82,,2017.0
Scientist,Roger_Horrocks,Q56752489,male,83,,2018.0
Scientist,Roger_Hui,Q7358366,male,68,,2004.0
Scientist,Roger_Härtl,Q7358375,male,0,,2011.0
Scientist,Roger_J-B%3C!--_No_periods_--%3E_Wets,,,0,,
Scientist,Roger_J-B_Wets,Q7358391,male,0,,2010.0
Scientist,Roger_J.R._Levesque,Q29638003,male,61,,2017.0
Scientist,Roger_J._Phillips,Q57585552,male,80,,2018.0
Scientist,Roger_J._Williams,Q7358395,male,95,,2005.0
Scientist,Roger_Jones_(physicist),Q7358426,male,0,,2007.0
Scientist,Roger_Joseph_Boscovich,Q310757,male,76,,2002.0
Scientist,Roger_Kasperson,Q21933994,male,0,,2015.0
Scientist,Roger_Kirby,Q7358463,male,0,,2011.0
Scientist,Roger_Kneebone,Q58010078,male,0,,2018.0
Scientist,Roger_Koenker,Q20794962,male,77,,2015.0
Scientist,Roger_L._Williams,Q30106740,male,0,,2017.0
Scientist,Roger_Lass,Q56277597,male,87,,2018.0
Scientist,Roger_Lhermitte,Q76551549,male,96,,2019.0
Scientist,Roger_Lyndon,Q3439226,male,0,,2011.0
Scientist,Roger_M._Perlmutter,Q15428947,male,0,,2013.0
Scientist,Roger_M._Spanswick,Q26818558,male,75,,2016.0
Scientist,Roger_M._Wakimoto,,,0,,2012.0
Scientist,Roger_Maddux,Q7358572,male,0,,2007.0
Scientist,Roger_Millsap,Q56599711,male,70,,2018.0
Scientist,Roger_Money-Kyrle,Q3940089,male,82,,2020.0
Scientist,Roger_Moore_(computer_scientist),Q7358675,male,85,,2004.0
Scientist,Roger_Myerson,Q232949,male,73,,2007.0
Scientist,Roger_N._Beachy,Q2161811,male,0,,2007.0
Scientist,Roger_Naviaux,Q19598114,male,0,,2014.0
Scientist,Roger_Needham,Q92873,male,68,,2003.0
Scientist,Roger_Nicoll,Q1318548,male,0,,2013.0
Scientist,Roger_Paman,Q18715248,male,0,,2015.0
Scientist,Roger_Parsons,Q21165813,male,-7,,2018.0
Scientist,Roger_Pearce,,,0,,
Scientist,Roger_Penrose,Q193803,male,93,,2001.0
Scientist,Roger_Pinkham,,,0,,
Scientist,Roger_Powell_(scientist),Q20027375,male,75,,2015.0
Scientist,Roger_Reed,Q24565289,male,0,,2016.0
Scientist,Roger_Revelle,Q942808,male,82,,2005.0
Scientist,Roger_Rosentreter,Q21339198,male,73,,2021.0
Scientist,Roger_S._Goody,Q15197765,male,80,,2013.0
Scientist,Roger_Schank,Q611080,male,0,,2004.0
Scientist,Roger_Shepard,Q932756,male,93,,2005.0
Scientist,Roger_Slack,Q1065935,male,79,,2019.0
Scientist,Roger_Sperry,,,0,,2005.0
Scientist,Roger_Stanier,Q661215,male,108,,2011.0
Scientist,Roger_T._Howe,Q7359004,male,0,,2014.0
Scientist,Roger_Tayler,Q3439485,male,0,,2004.0
Scientist,Roger_Temam,Q2161901,male,84,,2008.0
Scientist,Roger_Vickers,Q64746895,male,0,,2019.0
Scientist,Roger_W._Brockett,Q7359064,male,86,,2007.0
Scientist,Roger_W._Mills,Q4293580,male,73,,2012.0
Scientist,Roger_W._Robinson,Q19564410,male,101,,2015.0
Scientist,Roger_Wakimoto,Q7359076,male,71,,2012.0
Scientist,Roger_Walsh,Q3622980,male,0,,2006.0
Scientist,Roger_Wartell,Q7359085,male,0,,2011.0
Scientist,Roger_Wattenhofer,Q26899190,male,55,,2016.0
Scientist,Roger_Willemsen,Q91023,male,61,,2007.0
Scientist,Roger_Wolcott_Richardson,Q7359153,male,0,,2008.0
Scientist,Roger_Wolcott_Sperry,Q232305,male,-24,,2002.0
Scientist,Roger_Y._Tsien,Q200470,male,64,,2007.0
Scientist,Rogers_H._Wright,Q65031285,male,97,,2019.0
Scientist,Rogers_McVaugh,Q2063048,male,100,,2008.0
Scientist,Rogier_Windhorst,Q7359406,male,0,,2007.0
Scientist,Rohan_Fernando_(geneticist),Q60962964,male,72,,2019.0
Scientist,Rohin_Francis,Q65125380,male,0,,2020.0
Scientist,Rohini_Balakrishnan,Q25999646,female,0,,2016.0
Scientist,Rohini_Godbole,Q15146765,female,0,,2014.0
Scientist,Rohini_Kesavan_Srihari,Q7359745,female,0,,2009.0
Scientist,Rohinton_Kamakaka,Q15989731,male,0,,2014.0
Scientist,Rohit_Bakshi_(neurologist),Q19668389,male,0,,2015.0
Scientist,Rohit_Jivanlal_Parikh,Q7359762,male,88,,2008.0
Scientist,Rohit_Pappu,Q28086274,male,0,,2016.0
Scientist,Rohit_Srivastava_(scientist),Q109278471,male,0,,2021.0
Scientist,Roi_Cohen_Kadosh,Q22002065,male,48,,2016.0
Scientist,Roibeard_Ó_Maolalaigh,Q7359869,male,0,,2012.0
Scientist,Rolan_Kiladze,Q106379423,male,79,,2022.0
Scientist,Roland_Benz,Q99880,male,0,,2008.0
Scientist,Roland_Burrage_Dixon,Q1238154,male,59,,2006.0
Scientist,Roland_Carl_Backhouse,Q7360185,male,76,,2010.0
Scientist,Roland_Clark_Davis,Q28970663,male,59,,2017.0
Scientist,Roland_Dobrushin,Q381357,male,95,,2006.0
Scientist,Roland_Duer_Irving,Q7360211,male,177,,2009.0
Scientist,Roland_Fraïssé,Q2162753,male,88,,2006.0
Scientist,Roland_Glaser,Q19668060,male,89,,2015.0
Scientist,Roland_Glowinski,Q555764,male,85,,2009.0
Scientist,Roland_Jefferson,Q64595783,male,97,,2022.0
Scientist,Roland_Madden,Q70474938,male,86,,2019.0
Scientist,Roland_Mertelsmann,Q19513678,male,80,,2015.0
Scientist,Roland_Mertelsmann,Q87922557,,80,,2015.0
Scientist,Roland_Mousnier,Q3440189,male,86,,2005.0
Scientist,Roland_Omnès,Q1252465,male,93,,2004.0
Scientist,Roland_Paskoff,Q3440204,male,91,,2014.0
Scientist,Roland_Siegwart,Q20722981,male,65,,2015.0
Scientist,Roland_T._Bird,Q105104414,male,0,,2021.0
Scientist,Roland_Tegeder,,,0,,
Scientist,Roland_Thaxter,Q2086486,male,166,,2009.0
Scientist,Roland_Triay,,,0,,
Scientist,Roland_Trimen,Q932702,male,184,,2005.0
Scientist,Roland_Victor_Norris,Q55227768,male,-74,,2018.0
Scientist,Roland_W._Brown,Q7360478,male,-63,,2012.0
Scientist,Roland_Weitzenböck,Q2163091,male,70,,2012.0
Scientist,Roland_William_Fleming,Q112675391,,46,,2022.0
Scientist,Roland_Winston,Q16104581,male,0,,2013.0
Scientist,Rolando_Chuaqui,Q26838292,male,59,,2016.0
Scientist,Rolando_Del_Maestro,Q96337713,male,0,,2020.0
Scientist,Rolando_Toyos,Q20685341,male,0,,2015.0
Scientist,Rolf-Dieter_Heuer,Q65092,male,76,,2007.0
Scientist,Rolf_Apweiler,Q7360689,male,0,,2011.0
Scientist,Rolf_Brenner,,,0,,
Scientist,Rolf_Dahlgren,Q3049579,male,92,,2010.0
Scientist,Rolf_Faste,Q7360715,male,60,,2010.0
Scientist,Rolf_Gindorf,Q73790,male,77,,2004.0
Scientist,Rolf_Hagedorn,Q103622,male,105,,2008.0
Scientist,Rolf_Heinrich_Sabersky,Q20984546,male,104,,2015.0
Scientist,Rolf_Huisgen,Q89087,male,100,,2007.0
Scientist,Rolf_Kreienberg,Q2163544,male,75,,2010.0
Scientist,Rolf_Landauer,Q69412,male,72,,2005.0
Scientist,Rolf_Loeber,Q46244639,male,82,,2019.0
Scientist,Rolf_M._Zinkernagel,Q116064,male,80,,2005.0
Scientist,Rolf_Nevanlinna,Q540981,male,85,,2001.0
Scientist,Rolf_Niedergerke,Q15989588,male,90,,2014.0
Scientist,Rolf_Niedermeier,Q90410629,male,56,,2022.0
Scientist,Rolf_Pfeifer,Q7360779,male,77,,2005.0
Scientist,Rolf_Reber,Q119761,male,65,,2010.0
Scientist,Rolf_Santesson,Q6093998,male,0,,2020.0
Scientist,Rolf_Schneider,Q44317283,male,84,,2018.0
Scientist,Rolf_Singer,Q64091,male,88,,2002.0
Scientist,Rolf_Tarrach,,,0,,
Scientist,Rolf_Widerøe,Q709562,male,94,,2004.0
Scientist,Rolla_Kent_Beattie,Q3440395,male,0,,2012.0
Scientist,Rolla_M._Tryon_Jr.,Q7360950,male,85,,2010.0
Scientist,Rollin_D._Salisbury,Q7361153,male,159,,2006.0
Scientist,Rollins_A._Emerson,Q7361264,male,151,,2005.0
Scientist,Rollo_Beck,Q3440516,male,154,,2004.0
Scientist,Rollo_Davidson,Q7361285,male,0,,2009.0
Scientist,Rolv_Petter_Amdam,Q7361430,male,71,,2008.0
Scientist,Rom_Varshamov,Q2164419,male,97,,2015.0
Scientist,Romain_Abraham,,,0,,
Scientist,Romain_Murenzi,Q18201851,male,0,,2014.0
Scientist,Roman_Aftanazy,Q8860334,male,90,,2019.0
Scientist,Roman_Arana_Iñiguez,,,0,,
Scientist,Roman_Bezrukavnikov,Q7361591,male,49,,2009.0
Scientist,Roman_Dziarski,Q88327811,male,75,,2022.0
Scientist,Roman_Glazman,Q22097221,male,58,,2016.0
Scientist,Roman_Holowinsky,Q2164611,male,45,,2012.0
Scientist,Roman_Jackiw,Q2164635,male,85,,2006.0
Scientist,Roman_Jerala,Q5344,male,0,,2013.0
Scientist,Roman_Juszkiewicz,Q3440866,male,60,,2007.0
Scientist,Roman_Kenk,Q12800383,male,90,,2019.0
Scientist,Roman_Kintanar,Q7362037,male,78,,2007.0
Scientist,Roman_Kotov,Q109700637,male,0,,2021.0
Scientist,Roman_Kuhar,Q112489367,male,0,,2022.0
Scientist,Roman_Longchamps_de_Bérier,Q7362073,male,58,,2005.0
Scientist,Roman_Mertslin,Q17617483,male,121,,2021.0
Scientist,Roman_Personov,Q4359244,male,70,,2010.0
Scientist,Roman_Shirokov_(scientist),,,0,,
Scientist,Roman_Sikorski,Q1582429,male,63,,2005.0
Scientist,Roman_Ulrich_Sexl,Q113721,male,47,,2007.0
Scientist,Roman_Yampolskiy,Q7362250,male,45,,2012.0
Scientist,Roman_Zubarev,Q7362266,male,0,,2010.0
Scientist,Romanas_Januškevičius,Q16471422,male,71,,2016.0
Scientist,Romano_Pirola,Q107095657,male,0,,2019.0
Scientist,Romanus_Adolf_Hedwig,Q6111432,male,0,,2019.0
Scientist,Romen_Sova,Q2071701,male,63,,2011.0
Scientist,Romeo_Ortega,Q21055222,male,0,,2015.0
Scientist,Romeo_Ortega,Q61831222,male,0,,2015.0
Scientist,Romesh_Batra,Q7363170,male,0,,2005.0
Scientist,Romeu_Beltrão,Q7363179,male,0,,2011.0
Scientist,Romina_Goldszmid,Q76834616,female,0,,2020.0
Scientist,Romina_Vidal-Russell,Q36671360,female,0,,2019.0
Scientist,Rommie_Amaro,Q21095509,female,0,,2015.0
Scientist,Romuald_Schild,Q3441286,male,85,,2009.0
Scientist,Romualdas_Kasuba,Q139631,male,93,,2012.0
Scientist,Romulus_Cristescu,,,0,,
Scientist,Ron_Aharoni,Q7363457,male,0,,2009.0
Scientist,Ron_Appel,Q16149521,male,0,,2013.0
Scientist,Ron_Crane_(engineer),Q38096799,male,67,,2017.0
Scientist,Ron_Eglash,Q11099812,male,66,,2008.0
Scientist,Ron_Fedkiw,,,0,,2006.0
Scientist,Ron_Gallemore,Q7363808,male,60,,2009.0
Scientist,Ron_Heath,Q108195907,male,0,,2021.0
Scientist,Ron_Heeren,Q55542779,male,0,,2020.0
Scientist,Ron_Kikinis,Q29998716,male,0,,2016.0
Scientist,Ron_Kimmel,Q7364027,male,0,,2005.0
Scientist,Ron_Konopka,,,0,,2017.0
Scientist,Ron_Laskey,Q7364066,male,79,,2011.0
Scientist,Ron_Milo,,,0,,2017.0
Scientist,Ron_Morrison,Q7364191,male,0,,2006.0
Scientist,Ron_Penny,Q79447005,male,83,,2019.0
Scientist,Ron_Petersen,Q6111658,male,0,,2013.0
Scientist,Ron_Przybylinski,Q7364286,male,62,,2007.0
Scientist,Ron_Resch,Q16735135,male,-15,,2013.0
Scientist,Ron_Rivera_(public_health),Q7364319,male,60,,2008.0
Scientist,Ron_Rivest,Q578036,male,77,,2002.0
Scientist,Ron_Scarlett,Q2165540,male,91,,2008.0
Scientist,Ron_Schleifer,Q64831022,male,67,,2019.0
Scientist,Ron_Shachar,Q108739993,male,62,,2021.0
Scientist,Ron_Shamir,Q15995461,male,71,,2013.0
Scientist,Ron_Sun,Q7364451,male,0,,2008.0
Scientist,Ron_Vanderwal,Q21062210,male,83,,2015.0
Scientist,Ronald_A._Hites,Q28112865,male,0,,2016.0
Scientist,Ronald_A._Howard,Q7364615,male,0,,2004.0
Scientist,Ronald_A._Roy,Q95696813,male,68,,2020.0
Scientist,Ronald_A._Sandison,Q7364622,male,94,,2022.0
Scientist,Ronald_Adrian,Q7364631,male,0,,2007.0
Scientist,Ronald_Akers,Q2165653,male,85,,2017.0
Scientist,Ronald_Azuma,Q29265864,male,0,,2017.0
Scientist,Ronald_Baecker,Q7364659,male,82,,2007.0
Scientist,Ronald_Beavis,Q18016182,male,0,,2014.0
Scientist,Ronald_Breaker,Q2165727,male,0,,2012.0
Scientist,Ronald_Breiger,Q17385678,male,0,,2014.0
Scientist,Ronald_Breslow,Q907664,male,86,,2006.0
Scientist,Ronald_Breslow_(chemist),,,0,,
Scientist,Ronald_Brown_(mathematician),Q7364701,male,89,,2010.0
Scientist,Ronald_Bullough,Q21165837,male,0,,2018.0
Scientist,Ronald_Burrows,Q7365122,male,53,,2006.0
Scientist,Ronald_C._Arkin,Q1366729,male,0,,2008.0
Scientist,Ronald_C._Davidson,Q2165599,male,75,,2011.0
Scientist,Ronald_C._Kennedy,Q15429666,male,57,,2013.0
Scientist,Ronald_C._Kessler,Q7364712,male,77,,2007.0
Scientist,Ronald_C._Read,Q7364715,male,95,,2008.0
Scientist,Ronald_Christensen,,,0,,
Scientist,Ronald_Cohn,Q7364747,male,79,,2004.0
Scientist,Ronald_Coifman,Q2165588,male,83,,2005.0
Scientist,Ronald_Cramer,Q7364760,male,0,,2009.0
Scientist,Ronald_D._Macfarlane,Q7364779,male,91,,2008.0
Scientist,Ronald_D._Schrimpf,Q16933532,male,0,,2014.0
Scientist,Ronald_Davis_(physician),Q7364792,male,52,,2008.0
Scientist,Ronald_DePinho,Q7364619,male,0,,2008.0
Scientist,Ronald_DeVore,Q1547302,male,83,,2010.0
Scientist,Ronald_DiPerna,Q15842995,male,0,,2015.0
Scientist,Ronald_Does,Q17598488,male,69,,2014.0
Scientist,Ronald_Dore,,,0,,2009.0
Scientist,Ronald_Drever,Q1633582,male,86,,2005.0
Scientist,Ronald_E._Cohen,Q7364812,male,0,,2006.0
Scientist,Ronald_E._Mickens,Q20562070,male,81,,2016.0
Scientist,Ronald_Edmonds,Q16010342,male,48,,2013.0
Scientist,Ronald_Ekers,Q7364835,male,83,,2009.0
Scientist,Ronald_Ernest_Aitchison,Q7364844,male,75,,2006.0
Scientist,Ronald_F._Abler,Q16673169,male,85,,2017.0
Scientist,Ronald_F._Borelli,Q109942023,male,70,,2021.0
Scientist,Ronald_Fagin,Q93124,male,0,,2008.0
Scientist,Ronald_Fedkiw,Q3710526,male,56,,2006.0
Scientist,Ronald_Fisher,Q216723,male,72,,2002.0
Scientist,Ronald_Forrest_Fox,,,0,,
Scientist,Ronald_Frankenberg,Q7364870,male,86,,2006.0
Scientist,Ronald_Freedman,Q7364872,male,90,,2008.0
Scientist,Ronald_G._Amundson,Q47544072,male,0,,2017.0
Scientist,Ronald_G._Beckett,Q7364873,male,0,,2009.0
Scientist,Ronald_G._Larson,Q47403877,male,71,,2020.0
Scientist,Ronald_George_Wreyford_Norrish,Q235834,male,81,,2004.0
Scientist,Ronald_Germain,Q62712996,male,0,,2019.0
Scientist,Ronald_Getoor,Q15455446,male,88,,2015.0
Scientist,Ronald_Gillespie,Q903463,male,97,,2006.0
Scientist,Ronald_Good,Q1989490,male,96,,2015.0
Scientist,Ronald_Gould_(mathematician),Q7364972,male,74,,2011.0
Scientist,Ronald_Graham,Q712620,male,85,,2003.0
Scientist,Ronald_Greeley,Q7364910,male,72,,2011.0
Scientist,Ronald_H._Chilcote,Q20675494,male,89,,2015.0
Scientist,Ronald_Hanson,Q30131201,male,48,,2019.0
Scientist,Ronald_Harrop,,,0,,
Scientist,Ronald_Heifetz,Q7364613,male,73,,2006.0
Scientist,Ronald_Illingworth,Q18672270,male,81,,2018.0
Scientist,Ronald_J._Brachman,Q7364966,male,0,,2004.0
Scientist,Ronald_J._Clarke,Q2165640,male,0,,2006.0
Scientist,Ronald_J._Stouffer,Q97424832,male,0,,2022.0
Scientist,Ronald_Jensen,Q324896,male,88,,2006.0
Scientist,Ronald_K._Siegel,Q7365007,male,76,,2008.0
Scientist,Ronald_Kantowski,Q3441534,male,0,,2005.0
Scientist,Ronald_Karslake_Starr_Wood,Q7365011,male,98,,2011.0
Scientist,Ronald_Karslake_Starr_Wood,Q918484,male,98,,2011.0
Scientist,Ronald_L._Holt,Q7365039,male,0,,2006.0
Scientist,Ronald_L._Phillips,Q7365043,male,0,,2007.0
Scientist,Ronald_L._Simons,Q33068430,male,78,,2017.0
Scientist,Ronald_Levy_(scientist),Q1758880,male,0,,2009.0
Scientist,Ronald_Leyshon_Austin,,,0,,
Scientist,Ronald_M._Evans,Q969420,male,75,,2004.0
Scientist,Ronald_MacKeith,Q48492149,male,69,,2018.0
Scientist,Ronald_Mallett,Q944755,male,79,,2005.0
Scientist,Ronald_McKinnon_(economist),Q2165692,male,79,,2015.0
Scientist,Ronald_Melville_(botanist),Q7365114,male,82,,2007.0
Scientist,Ronald_Micura,Q7365118,male,0,,2008.0
Scientist,Ronald_Milne,Q7365119,male,67,,2008.0
Scientist,Ronald_N._Bracewell,Q3441496,male,86,,2003.0
Scientist,Ronald_N._Hartman,Q7365136,male,-12,,2011.0
Scientist,Ronald_Neafe,,,0,,
Scientist,Ronald_Nigh,Q21176474,male,77,,2015.0
Scientist,Ronald_Norrish,,,0,,2004.0
Scientist,Ronald_Numbers,Q2165714,male,82,,2006.0
Scientist,Ronald_Okun,Q102161000,male,92,,2020.0
Scientist,Ronald_Oremland,Q57408207,male,75,,2021.0
Scientist,Ronald_Oxburgh,,,0,,2006.0
Scientist,"Ronald_Oxburgh,_Baron_Oxburgh",Q2165718,male,90,,2005.0
Scientist,Ronald_Pearson_Tripp,Q7365165,male,0,,2007.0
Scientist,Ronald_R._Yager,Q112360965,,0,,2011.0
Scientist,Ronald_R._Yager,Q7365183,male,0,,2011.0
Scientist,Ronald_Rivest,,,0,,2003.0
Scientist,Ronald_Rivlin,Q560647,male,90,,2005.0
Scientist,Ronald_Ross,Q102034,male,75,,2003.0
Scientist,Ronald_Rousseau,Q22965129,male,75,,2019.0
Scientist,Ronald_S._Burt,,,0,,2009.0
Scientist,Ronald_S._Weinstein,Q43266698,male,83,,2017.0
Scientist,Ronald_S._Wilson,Q110288381,male,91,,2021.0
Scientist,Ronald_Shephard,Q7365277,male,112,,2010.0
Scientist,Ronald_Stuart_Burt,Q7365308,male,0,,2006.0
Scientist,Ronald_Summers,Q60194628,male,0,,2018.0
Scientist,Ronald_Sydney_Nyholm,Q457335,male,54,,2007.0
Scientist,Ronald_T._Raines,Q11205655,male,66,,2007.0
Scientist,Ronald_V._Book,Q92867,male,60,,2005.0
Scientist,Ronald_V._Clarke,Q51344162,male,83,,2018.0
Scientist,Ronald_Vale,Q542242,male,65,,2012.0
Scientist,Ronald_W._Davis,Q2165770,male,83,,2011.0
Scientist,Ronald_W._Jones,Q4160425,male,91,,2005.0
Scientist,Ronald_W._Schafer,Q7365364,male,86,,2004.0
Scientist,Ronald_W._Yeung,Q7365367,male,0,,2011.0
Scientist,Ronald_Weitzer,Q6234932,male,0,,2007.0
Scientist,Ronald_Weitzer,Q80932497,,0,,2007.0
Scientist,Ronald_Whittam,Q107088473,male,99,,2021.0
Scientist,Ronald_Wilfred_Gurney,Q7365392,male,0,,2010.0
Scientist,Ronald_William_John_Keay,Q5804349,male,78,,2020.0
Scientist,Ronald_de_Wolf,Q41031593,male,0,,2017.0
Scientist,Ronaldo_Munck,Q16732995,male,0,,2011.0
Scientist,Ronaldo_S._Duran,,,0,,
Scientist,Ronen_Avraham,Q47009530,male,55,,2011.0
Scientist,Ronen_Eldan,Q102413869,male,0,,2022.0
Scientist,Rong_Li,Q21174073,female,0,,2015.0
Scientist,Rong_Zhang,Q110529226,female,0,,2021.0
Scientist,Rongwei_Fu,Q42739820,female,0,,2017.0
Scientist,Roni_Rosenfeld,Q85797819,,0,,2019.0
Scientist,Roni_Zeiger,Q16887205,male,0,,2013.0
Scientist,Ronika_Power,Q88953887,female,0,,2022.0
Scientist,Ronitt_Rubinfeld,Q7365721,female,0,,2013.0
Scientist,Ronjon_Nag,Q28869030,male,0,,2017.0
Scientist,Ronke_Olabisi,Q56516597,female,48,,2018.0
Scientist,Ronnie_Bell,Q7365796,male,89,,2006.0
Scientist,Ronnie_Coffman,Q112136168,male,0,,2021.0
Scientist,Ronnie_Kosloff,Q3441788,male,76,,2007.0
Scientist,Ronny_Hadani,Q102300275,male,0,,2020.0
Scientist,Ronny_Reich,Q2166093,male,77,,2009.0
Scientist,Ronold_W._P._King,Q3123791,male,0,,2008.0
Scientist,Roop_Mallik,Q18217619,male,0,,2014.0
Scientist,Roopa_Dhatt,Q106221509,female,0,,2021.0
Scientist,Roos_Vonk,Q2194257,female,64,,2011.0
Scientist,Roozbeh_Ghaffari,Q56681482,male,0,,2018.0
Scientist,Roper_resonance,Q7366740,,0,,2006.0
Scientist,Rory_Collins,Q7366866,male,69,,2008.0
Scientist,Rory_M._McVeigh,Q21818052,male,0,,2014.0
Scientist,Rory_Shaw,Q18161717,male,70,,2014.0
Scientist,Rosa_Beddington,Q7367016,female,45,,2012.0
Scientist,Rosa_Lee,Q24034988,female,0,,2015.0
Scientist,Rosa_Lee_Ingram,Q23045960,female,0,,2016.0
Scientist,Rosa_M._Morris,Q102079613,female,97,,2021.0
Scientist,Rosa_Manchón,Q56513373,female,67,,2018.0
Scientist,Rosa_Smith_Eigenmann,Q462434,female,89,,2006.0
Scientist,Rosalie_A._Reed,Q96218868,female,0,,2020.0
Scientist,Rosalie_Auguste_Emma_Wunderlich,,,82,,2022.0
Scientist,Rosalie_Edge,Q7367189,female,85,,2009.0
Scientist,Rosalie_Hankey_Wax,Q108544561,female,0,,2021.0
Scientist,Rosalie_Slaughter_Morton,Q9322750,female,96,,2016.0
Scientist,Rosalind_A._Segal,Q25513872,female,0,,2016.0
Scientist,Rosalind_Archer,Q56331785,female,0,,2018.0
Scientist,Rosalind_Barnett,Q7367217,female,0,,2012.0
Scientist,Rosalind_Cartwright,Q64027603,female,99,,2021.0
Scientist,Rosalind_Coggon,Q43172696,female,0,,2021.0
Scientist,Rosalind_Eeles,Q24640445,female,0,,2019.0
Scientist,Rosalind_Franklin,Q7474,female,38,,2002.0
Scientist,Rosalind_Gibson,Q56394648,female,84,,2018.0
Scientist,Rosalind_J._Allen,Q41480751,female,0,,2019.0
Scientist,Rosalind_Kornfeld,Q109443978,female,-17,,2021.0
Scientist,Rosalind_Krauss,,,0,,2010.0
Scientist,Rosalind_Paget,Q7367244,female,93,,2009.0
Scientist,Rosalind_Picard,Q14109,female,62,,2006.0
Scientist,Rosalind_Pitt-Rivers,Q3442237,female,83,,2012.0
Scientist,Rosalind_Rickaby,Q24237729,female,50,,2018.0
Scientist,Rosalind_Ridley,Q20985695,female,75,,2015.0
Scientist,Rosalind_Wulzen,Q60529850,female,0,,2020.0
Scientist,Rosaly_Lopes,Q3442245,female,67,,2006.0
Scientist,Rosalyn_Sussman_Yalow,Q107402,female,90,,2004.0
Scientist,Rosalyn_W._Berne,Q107646191,female,0,,2020.0
Scientist,Rosana_Pinheiro-Machado,Q64736122,female,0,,2020.0
Scientist,Rosandra_N._Kaplan,Q87238776,female,0,,2020.0
Scientist,Rosanne_D'Arrigo,Q108329667,,0,,2021.0
Scientist,Roscoe_G._Dickinson,Q554828,male,51,,2006.0
Scientist,Roscoe_Giles,Q7367510,male,0,,2010.0
Scientist,Roscoe_Pound,Q1149723,male,94,,2004.0
Scientist,Rose_Anne_Kenny,Q33304929,female,0,,2019.0
Scientist,Rose_E._Collom,Q18716123,female,0,,2014.0
Scientist,Rose_Ella_Warner,Q110315492,female,0,,2012.0
Scientist,Rose_Frisch,Q19249902,female,97,,2015.0
Scientist,Rose_Laub_Coser,Q2166751,female,108,,2018.0
Scientist,Rose_Marie_Antoinette_Blommers-Schlösser,Q21338568,female,0,,2017.0
Scientist,Rose_Mutiso,Q76469472,female,0,,2021.0
Scientist,Rose_Payne,Q115165628,female,90,,2022.0
Scientist,Rose_Peltesohn,Q1502073,female,111,,2013.0
Scientist,Rose_Stern,Q27452362,female,155,,2016.0
Scientist,Rose_Whelan_Sedgewick,Q16014978,female,-24,,2013.0
Scientist,Roseanne_Diab,Q42544531,female,0,,2017.0
Scientist,Roseli_Ocampo-Friedmann,Q13562573,female,68,,2013.0
Scientist,Roselyn_E._Williams,Q96065561,,74,,2020.0
Scientist,Roselyn_J._Eisenberg,Q20675664,female,0,,2015.0
Scientist,Roselyn_P._Epps,Q16728838,female,84,,2014.0
Scientist,Rosemarie_Wesson,Q53865515,female,0,,2018.0
Scientist,Rosemary_A._Bailey,Q7368302,female,0,,2010.0
Scientist,Rosemary_Askin,Q25240299,female,0,,2016.0
Scientist,Rosemary_Boyton,Q92420685,female,0,,2020.0
Scientist,Rosemary_Carpenter,Q57626357,female,0,,2019.0
Scientist,Rosemary_Collier__Rosemary_Collier__1,,,0,,
Scientist,Rosemary_Coogan,Q58914114,female,0,,2022.0
Scientist,Rosemary_Gordon,Q16626636,female,94,,2019.0
Scientist,Rosemary_Hutton,Q15994530,female,79,,2013.0
Scientist,Rosemary_Lowe-McConnell,Q7368397,female,93,,2012.0
Scientist,Rosemary_Redfield,Q27452378,female,0,,2016.0
Scientist,Rosemary_Wyse,Q15994849,female,67,,2011.0
Scientist,Roshan_Cools,Q30131223,female,49,,2019.0
Scientist,Rosi_Sexton,Q5975915,female,47,,2008.0
Scientist,Rosie_Alegado,Q57057686,female,0,,2020.0
Scientist,Rosie_Bradshaw,Q58328008,female,0,,2019.0
Scientist,Rosie_Hails,Q42038681,female,0,,2019.0
Scientist,Rosie_Trevelyan,Q7368930,female,0,,2011.0
Scientist,Rosie_Woodroffe,Q15994841,female,0,,2013.0
Scientist,Rosina_Dafter,Q47468627,female,149,,2018.0
Scientist,Rosmarie_Honegger,Q21391621,female,0,,2021.0
Scientist,Ross_Beever,Q17418645,male,64,,2014.0
Scientist,Ross_Bell,Q21337744,male,90,,2015.0
Scientist,Ross_Bell,Q22003354,,90,,2015.0
Scientist,Ross_D._King,Q7369266,male,0,,2013.0
Scientist,Ross_E._McKinney,Q48572500,male,0,,2018.0
Scientist,Ross_Ferguson,Q5669211,male,0,,2017.0
Scientist,Ross_Granville_Harrison,Q3100310,male,89,,2006.0
Scientist,Ross_Gunn,Q7369378,male,69,,2012.0
Scientist,Ross_H._McKenzie,Q7369381,male,64,,2008.0
Scientist,Ross_Ihaka,Q7369420,male,0,,2008.0
Scientist,Ross_J._Anderson,Q2167581,male,68,,2002.0
Scientist,Ross_J._Anderson_(professor),,,0,,2010.0
Scientist,Ross_J._Baldessarini,Q107346089,,0,,2021.0
Scientist,Ross_John_Angel,Q107342535,male,65,,2021.0
Scientist,Ross_Koppel,Q32534414,male,78,,2017.0
Scientist,Ross_Matsueda,,,0,,
Scientist,Ross_Overbeek,Q7369556,male,75,,2006.0
Scientist,Ross_Petty_(pediatrician),Q97580154,male,0,,2020.0
Scientist,Ross_Prentice,Q60176635,male,78,,2018.0
Scientist,Ross_T._Whitaker,Q29359842,male,0,,2017.0
Scientist,Ross_Taylor_(geochemist),Q7627048,male,96,,2011.0
Scientist,Ross_Zafonte,Q7369727,male,0,,2006.0
Scientist,Ross_Zumwalt,Q29431858,male,0,,2017.0
Scientist,Rossana_Reguillo,Q17466704,female,69,,2011.0
Scientist,Rostislav_Grigorchuk,Q4149226,male,71,,2008.0
Scientist,Rostyslav_Valikhovski,Q16629012,male,51,,2023.0
Scientist,Roswell_Clifton_Gibbs,Q7370098,male,88,,2009.0
Scientist,Rouben_Abrahamian,Q16398467,male,0,,2016.0
Scientist,Rouben_V._Ambartzumian,Q20512442,male,83,,2015.0
Scientist,Roumiana_Metcheva,Q24851673,female,74,,2016.0
Scientist,Roussos_Dimitrakopoulos,Q56283023,male,0,,2018.0
Scientist,Row_Lewis,Q7371752,female,0,,2005.0
Scientist,Rowan_Hillson,Q18686814,female,0,,2014.0
Scientist,Rowena_Green_Matthews,Q16732159,female,0,,2013.0
Scientist,Roxane_Maranger,Q60021853,female,0,,2021.0
Scientist,Roxanne_Johnson,Q97495571,female,0,,2020.0
Scientist,Roxie_Collie_Laybourne,Q15920982,female,93,,2013.0
Scientist,Roxy_Peck,Q43049876,female,0,,2017.0
Scientist,Roy_A._Periana,Q7372502,male,0,,2012.0
Scientist,Roy_A._Wisbey,,,0,,
Scientist,Roy_Adler,Q15223656,male,85,,2013.0
Scientist,Roy_Amara,Q644585,male,82,,2008.0
Scientist,Roy_B._Liddy,Q99292856,male,0,,2020.0
Scientist,Roy_Baumeister,Q100321220,male,71,,2006.0
Scientist,Roy_Baumeister,Q100387853,male,71,,2006.0
Scientist,Roy_Baumeister,Q100967014,female,71,,2006.0
Scientist,Roy_Baumeister,Q101033432,female,71,,2006.0
Scientist,Roy_Baumeister,Q101034190,male,71,,2006.0
Scientist,Roy_Baumeister,Q10116482,male,71,,2006.0
Scientist,Roy_Baumeister,Q101231217,female,71,,2006.0
Scientist,Roy_Baumeister,Q101878,male,71,,2006.0
Scientist,Roy_Baumeister,Q102051948,male,71,,2006.0
Scientist,Roy_Baumeister,Q10207490,male,71,,2006.0
Scientist,Roy_Baumeister,Q102217255,male,71,,2006.0
Scientist,Roy_Baumeister,Q102217477,male,71,,2006.0
Scientist,Roy_Baumeister,Q102286507,male,71,,2006.0
Scientist,Roy_Baumeister,Q102432884,male,71,,2006.0
Scientist,Roy_Baumeister,Q102485374,female,71,,2006.0
Scientist,Roy_Baumeister,Q10278130,male,71,,2006.0
Scientist,Roy_Baumeister,Q10314169,male,71,,2006.0
Scientist,Roy_Baumeister,Q10337407,male,71,,2006.0
Scientist,Roy_Baumeister,Q10396113,female,71,,2006.0
Scientist,Roy_Baumeister,Q104030848,male,71,,2006.0
Scientist,Roy_Baumeister,Q104062879,male,71,,2006.0
Scientist,Roy_Baumeister,Q104283223,male,71,,2006.0
Scientist,Roy_Baumeister,Q104890,male,71,,2006.0
Scientist,Roy_Baumeister,Q105069287,female,71,,2006.0
Scientist,Roy_Baumeister,Q105319,male,71,,2006.0
Scientist,Roy_Baumeister,Q105838,female,71,,2006.0
Scientist,Roy_Baumeister,Q105857492,male,71,,2006.0
Scientist,Roy_Baumeister,Q106231993,male,71,,2006.0
Scientist,Roy_Baumeister,Q106463487,male,71,,2006.0
Scientist,Roy_Baumeister,Q1065182,male,71,,2006.0
Scientist,Roy_Baumeister,Q10654866,male,71,,2006.0
Scientist,Roy_Baumeister,Q106618690,female,71,,2006.0
Scientist,Roy_Baumeister,Q106640767,male,71,,2006.0
Scientist,Roy_Baumeister,Q106688116,male,71,,2006.0
Scientist,Roy_Baumeister,Q106702267,male,71,,2006.0
Scientist,Roy_Baumeister,Q106706,male,71,,2006.0
Scientist,Roy_Baumeister,Q107069646,female,71,,2006.0
Scientist,Roy_Baumeister,Q107180694,male,71,,2006.0
Scientist,Roy_Baumeister,Q107288108,female,71,,2006.0
Scientist,Roy_Baumeister,Q1073101,male,71,,2006.0
Scientist,Roy_Baumeister,Q107516,male,71,,2006.0
Scientist,Roy_Baumeister,Q107638415,male,71,,2006.0
Scientist,Roy_Baumeister,Q108040824,female,71,,2006.0
Scientist,Roy_Baumeister,Q108057548,male,71,,2006.0
Scientist,Roy_Baumeister,Q108084619,female,71,,2006.0
Scientist,Roy_Baumeister,Q108444,male,71,,2006.0
Scientist,Roy_Baumeister,Q108648292,female,71,,2006.0
Scientist,Roy_Baumeister,Q108810465,female,71,,2006.0
Scientist,Roy_Baumeister,Q108858754,female,71,,2006.0
Scientist,Roy_Baumeister,Q109240,male,71,,2006.0
Scientist,Roy_Baumeister,Q109253578,male,71,,2006.0
Scientist,Roy_Baumeister,Q109591346,male,71,,2006.0
Scientist,Roy_Baumeister,Q109704719,female,71,,2006.0
Scientist,Roy_Baumeister,Q109857229,male,71,,2006.0
Scientist,Roy_Baumeister,Q110089359,,71,,2006.0
Scientist,Roy_Baumeister,Q110098180,female,71,,2006.0
Scientist,Roy_Baumeister,Q110136735,male,71,,2006.0
Scientist,Roy_Baumeister,Q110222939,male,71,,2006.0
Scientist,Roy_Baumeister,Q110225451,male,71,,2006.0
Scientist,Roy_Baumeister,Q110245717,male,71,,2006.0
Scientist,Roy_Baumeister,Q110659328,female,71,,2006.0
Scientist,Roy_Baumeister,Q110738,female,71,,2006.0
Scientist,Roy_Baumeister,Q110887596,male,71,,2006.0
Scientist,Roy_Baumeister,Q110960586,male,71,,2006.0
Scientist,Roy_Baumeister,Q110960644,male,71,,2006.0
Scientist,Roy_Baumeister,Q111087948,male,71,,2006.0
Scientist,Roy_Baumeister,Q111098406,female,71,,2006.0
Scientist,Roy_Baumeister,Q111144450,female,71,,2006.0
Scientist,Roy_Baumeister,Q111222588,male,71,,2006.0
Scientist,Roy_Baumeister,Q111362636,male,71,,2006.0
Scientist,Roy_Baumeister,Q111366298,male,71,,2006.0
Scientist,Roy_Baumeister,Q111460160,female,71,,2006.0
Scientist,Roy_Baumeister,Q111599586,male,71,,2006.0
Scientist,Roy_Baumeister,Q111680881,male,71,,2006.0
Scientist,Roy_Baumeister,Q111697972,female,71,,2006.0
Scientist,Roy_Baumeister,Q111747429,female,71,,2006.0
Scientist,Roy_Baumeister,Q111902944,male,71,,2006.0
Scientist,Roy_Baumeister,Q112144797,male,71,,2006.0
Scientist,Roy_Baumeister,Q112168881,female,71,,2006.0
Scientist,Roy_Baumeister,Q112301,male,71,,2006.0
Scientist,Roy_Baumeister,Q112383287,male,71,,2006.0
Scientist,Roy_Baumeister,Q112385857,male,71,,2006.0
Scientist,Roy_Baumeister,Q112388758,male,71,,2006.0
Scientist,Roy_Baumeister,Q112399760,male,71,,2006.0
Scientist,Roy_Baumeister,Q112413,male,71,,2006.0
Scientist,Roy_Baumeister,Q112413357,male,71,,2006.0
Scientist,Roy_Baumeister,Q112414508,male,71,,2006.0
Scientist,Roy_Baumeister,Q112425006,male,71,,2006.0
Scientist,Roy_Baumeister,Q112434077,male,71,,2006.0
Scientist,Roy_Baumeister,Q112438565,,71,,2006.0
Scientist,Roy_Baumeister,Q112439148,male,71,,2006.0
Scientist,Roy_Baumeister,Q112443968,male,71,,2006.0
Scientist,Roy_Baumeister,Q112449823,male,71,,2006.0
Scientist,Roy_Baumeister,Q112450046,male,71,,2006.0
Scientist,Roy_Baumeister,Q112454890,male,71,,2006.0
Scientist,Roy_Baumeister,Q112464362,female,71,,2006.0
Scientist,Roy_Baumeister,Q112470839,male,71,,2006.0
Scientist,Roy_Baumeister,Q112478141,male,71,,2006.0
Scientist,Roy_Baumeister,Q112492021,female,71,,2006.0
Scientist,Roy_Baumeister,Q112495114,male,71,,2006.0
Scientist,Roy_Baumeister,Q112496011,male,71,,2006.0
Scientist,Roy_Baumeister,Q112496758,male,71,,2006.0
Scientist,Roy_Baumeister,Q112504555,male,71,,2006.0
Scientist,Roy_Baumeister,Q112506192,,71,,2006.0
Scientist,Roy_Baumeister,Q112512973,,71,,2006.0
Scientist,Roy_Baumeister,Q112515059,male,71,,2006.0
Scientist,Roy_Baumeister,Q112517546,male,71,,2006.0
Scientist,Roy_Baumeister,Q112520019,female,71,,2006.0
Scientist,Roy_Baumeister,Q112522353,female,71,,2006.0
Scientist,Roy_Baumeister,Q112522532,female,71,,2006.0
Scientist,Roy_Baumeister,Q112524049,male,71,,2006.0
Scientist,Roy_Baumeister,Q112526618,male,71,,2006.0
Scientist,Roy_Baumeister,Q112526627,male,71,,2006.0
Scientist,Roy_Baumeister,Q112526686,male,71,,2006.0
Scientist,Roy_Baumeister,Q112531058,male,71,,2006.0
Scientist,Roy_Baumeister,Q112531576,male,71,,2006.0
Scientist,Roy_Baumeister,Q112534390,male,71,,2006.0
Scientist,Roy_Baumeister,Q112537106,male,71,,2006.0
Scientist,Roy_Baumeister,Q112540189,male,71,,2006.0
Scientist,Roy_Baumeister,Q112542149,female,71,,2006.0
Scientist,Roy_Baumeister,Q112542372,male,71,,2006.0
Scientist,Roy_Baumeister,Q112545875,male,71,,2006.0
Scientist,Roy_Baumeister,Q112546731,female,71,,2006.0
Scientist,Roy_Baumeister,Q112549769,male,71,,2006.0
Scientist,Roy_Baumeister,Q112551019,male,71,,2006.0
Scientist,Roy_Baumeister,Q112552801,male,71,,2006.0
Scientist,Roy_Baumeister,Q112553277,male,71,,2006.0
Scientist,Roy_Baumeister,Q112554708,female,71,,2006.0
Scientist,Roy_Baumeister,Q112555904,,71,,2006.0
Scientist,Roy_Baumeister,Q112560854,male,71,,2006.0
Scientist,Roy_Baumeister,Q112579990,male,71,,2006.0
Scientist,Roy_Baumeister,Q11273496,male,71,,2006.0
Scientist,Roy_Baumeister,Q112816841,male,71,,2006.0
Scientist,Roy_Baumeister,Q113012873,male,71,,2006.0
Scientist,Roy_Baumeister,Q113318956,male,71,,2006.0
Scientist,Roy_Baumeister,Q113501042,male,71,,2006.0
Scientist,Roy_Baumeister,Q113510488,male,71,,2006.0
Scientist,Roy_Baumeister,Q113731250,male,71,,2006.0
Scientist,Roy_Baumeister,Q113733926,female,71,,2006.0
Scientist,Roy_Baumeister,Q113734122,male,71,,2006.0
Scientist,Roy_Baumeister,Q113737418,male,71,,2006.0
Scientist,Roy_Baumeister,Q113737827,female,71,,2006.0
Scientist,Roy_Baumeister,Q113738877,female,71,,2006.0
Scientist,Roy_Baumeister,Q113745932,female,71,,2006.0
Scientist,Roy_Baumeister,Q113752531,female,71,,2006.0
Scientist,Roy_Baumeister,Q113766743,male,71,,2006.0
Scientist,Roy_Baumeister,Q113769323,female,71,,2006.0
Scientist,Roy_Baumeister,Q113777773,male,71,,2006.0
Scientist,Roy_Baumeister,Q113781261,male,71,,2006.0
Scientist,Roy_Baumeister,Q113800816,male,71,,2006.0
Scientist,Roy_Baumeister,Q113803806,female,71,,2006.0
Scientist,Roy_Baumeister,Q113806104,male,71,,2006.0
Scientist,Roy_Baumeister,Q113806439,female,71,,2006.0
Scientist,Roy_Baumeister,Q113822246,female,71,,2006.0
Scientist,Roy_Baumeister,Q113823715,male,71,,2006.0
Scientist,Roy_Baumeister,Q113828520,male,71,,2006.0
Scientist,Roy_Baumeister,Q113829380,male,71,,2006.0
Scientist,Roy_Baumeister,Q113831932,male,71,,2006.0
Scientist,Roy_Baumeister,Q113833584,male,71,,2006.0
Scientist,Roy_Baumeister,Q113833809,male,71,,2006.0
Scientist,Roy_Baumeister,Q113833925,male,71,,2006.0
Scientist,Roy_Baumeister,Q113837136,male,71,,2006.0
Scientist,Roy_Baumeister,Q113842374,female,71,,2006.0
Scientist,Roy_Baumeister,Q113844527,female,71,,2006.0
Scientist,Roy_Baumeister,Q113846065,female,71,,2006.0
Scientist,Roy_Baumeister,Q113846637,female,71,,2006.0
Scientist,Roy_Baumeister,Q113986809,male,71,,2006.0
Scientist,Roy_Baumeister,Q114175269,female,71,,2006.0
Scientist,Roy_Baumeister,Q11470371,male,71,,2006.0
Scientist,Roy_Baumeister,Q114850497,male,71,,2006.0
Scientist,Roy_Baumeister,Q11502512,male,71,,2006.0
Scientist,Roy_Baumeister,Q11542111,male,71,,2006.0
Scientist,Roy_Baumeister,Q1157258,female,71,,2006.0
Scientist,Roy_Baumeister,Q1159117,male,71,,2006.0
Scientist,Roy_Baumeister,Q1167286,male,71,,2006.0
Scientist,Roy_Baumeister,Q11685352,male,71,,2006.0
Scientist,Roy_Baumeister,Q11722944,male,71,,2006.0
Scientist,Roy_Baumeister,Q1173491,male,71,,2006.0
Scientist,Roy_Baumeister,Q11836334,male,71,,2006.0
Scientist,Roy_Baumeister,Q11903001,male,71,,2006.0
Scientist,Roy_Baumeister,Q1190500,trans woman,71,,2006.0
Scientist,Roy_Baumeister,Q11915179,male,71,,2006.0
Scientist,Roy_Baumeister,Q11927907,male,71,,2006.0
Scientist,Roy_Baumeister,Q11938192,male,71,,2006.0
Scientist,Roy_Baumeister,Q11975649,male,71,,2006.0
Scientist,Roy_Baumeister,Q121222,male,71,,2006.0
Scientist,Roy_Baumeister,Q121473,male,71,,2006.0
Scientist,Roy_Baumeister,Q12222602,male,71,,2006.0
Scientist,Roy_Baumeister,Q122262,female,71,,2006.0
Scientist,Roy_Baumeister,Q122559,male,71,,2006.0
Scientist,Roy_Baumeister,Q12260942,male,71,,2006.0
Scientist,Roy_Baumeister,Q12339242,male,71,,2006.0
Scientist,Roy_Baumeister,Q12343486,male,71,,2006.0
Scientist,Roy_Baumeister,Q12404242,male,71,,2006.0
Scientist,Roy_Baumeister,Q12457060,male,71,,2006.0
Scientist,Roy_Baumeister,Q1251472,male,71,,2006.0
Scientist,Roy_Baumeister,Q1257455,male,71,,2006.0
Scientist,Roy_Baumeister,Q125842,male,71,,2006.0
Scientist,Roy_Baumeister,Q12597578,male,71,,2006.0
Scientist,Roy_Baumeister,Q126314,male,71,,2006.0
Scientist,Roy_Baumeister,Q12633825,female,71,,2006.0
Scientist,Roy_Baumeister,Q1266748,male,71,,2006.0
Scientist,Roy_Baumeister,Q12720334,male,71,,2006.0
Scientist,Roy_Baumeister,Q12723351,male,71,,2006.0
Scientist,Roy_Baumeister,Q12735681,male,71,,2006.0
Scientist,Roy_Baumeister,Q12742094,male,71,,2006.0
Scientist,Roy_Baumeister,Q12747558,male,71,,2006.0
Scientist,Roy_Baumeister,Q1278078,male,71,,2006.0
Scientist,Roy_Baumeister,Q12793433,male,71,,2006.0
Scientist,Roy_Baumeister,Q1279812,male,71,,2006.0
Scientist,Roy_Baumeister,Q128460,male,71,,2006.0
Scientist,Roy_Baumeister,Q1287164,male,71,,2006.0
Scientist,Roy_Baumeister,Q1287514,,71,,2006.0
Scientist,Roy_Baumeister,Q12894100,female,71,,2006.0
Scientist,Roy_Baumeister,Q1292482,,71,,2006.0
Scientist,Roy_Baumeister,Q13091115,male,71,,2006.0
Scientist,Roy_Baumeister,Q13104839,male,71,,2006.0
Scientist,Roy_Baumeister,Q1324801,female,71,,2006.0
Scientist,Roy_Baumeister,Q1331491,female,71,,2006.0
Scientist,Roy_Baumeister,Q13358832,male,71,,2006.0
Scientist,Roy_Baumeister,Q1351738,male,71,,2006.0
Scientist,Roy_Baumeister,Q1352190,male,71,,2006.0
Scientist,Roy_Baumeister,Q13580304,male,71,,2006.0
Scientist,Roy_Baumeister,Q1358833,male,71,,2006.0
Scientist,Roy_Baumeister,Q1362097,male,71,,2006.0
Scientist,Roy_Baumeister,Q1380845,male,71,,2006.0
Scientist,Roy_Baumeister,Q1382854,male,71,,2006.0
Scientist,Roy_Baumeister,Q1395966,female,71,,2006.0
Scientist,Roy_Baumeister,Q140355,female,71,,2006.0
Scientist,Roy_Baumeister,Q1414832,male,71,,2006.0
Scientist,Roy_Baumeister,Q14174766,male,71,,2006.0
Scientist,Roy_Baumeister,Q142710,male,71,,2006.0
Scientist,Roy_Baumeister,Q1441551,male,71,,2006.0
Scientist,Roy_Baumeister,Q1444523,male,71,,2006.0
Scientist,Roy_Baumeister,Q1446519,male,71,,2006.0
Scientist,Roy_Baumeister,Q1448520,male,71,,2006.0
Scientist,Roy_Baumeister,Q1466204,male,71,,2006.0
Scientist,Roy_Baumeister,Q1467474,male,71,,2006.0
Scientist,Roy_Baumeister,Q14743826,male,71,,2006.0
Scientist,Roy_Baumeister,Q1486389,male,71,,2006.0
Scientist,Roy_Baumeister,Q1486794,female,71,,2006.0
Scientist,Roy_Baumeister,Q1488978,male,71,,2006.0
Scientist,Roy_Baumeister,Q14900708,female,71,,2006.0
Scientist,Roy_Baumeister,Q1504848,male,71,,2006.0
Scientist,Roy_Baumeister,Q151304,male,71,,2006.0
Scientist,Roy_Baumeister,Q151932,female,71,,2006.0
Scientist,Roy_Baumeister,Q152260,female,71,,2006.0
Scientist,Roy_Baumeister,Q15292901,male,71,,2006.0
Scientist,Roy_Baumeister,Q15429249,male,71,,2006.0
Scientist,Roy_Baumeister,Q15429751,male,71,,2006.0
Scientist,Roy_Baumeister,Q15435786,female,71,,2006.0
Scientist,Roy_Baumeister,Q15436566,male,71,,2006.0
Scientist,Roy_Baumeister,Q15444181,male,71,,2006.0
Scientist,Roy_Baumeister,Q15449511,male,71,,2006.0
Scientist,Roy_Baumeister,Q1562150,female,71,,2006.0
Scientist,Roy_Baumeister,Q1577193,male,71,,2006.0
Scientist,Roy_Baumeister,Q1582210,male,71,,2006.0
Scientist,Roy_Baumeister,Q15944900,female,71,,2006.0
Scientist,Roy_Baumeister,Q15967174,male,71,,2006.0
Scientist,Roy_Baumeister,Q15969068,male,71,,2006.0
Scientist,Roy_Baumeister,Q1597665,male,71,,2006.0
Scientist,Roy_Baumeister,Q16025783,male,71,,2006.0
Scientist,Roy_Baumeister,Q16026232,male,71,,2006.0
Scientist,Roy_Baumeister,Q1609579,female,71,,2006.0
Scientist,Roy_Baumeister,Q16116065,male,71,,2006.0
Scientist,Roy_Baumeister,Q16144684,male,71,,2006.0
Scientist,Roy_Baumeister,Q16184989,male,71,,2006.0
Scientist,Roy_Baumeister,Q1618943,male,71,,2006.0
Scientist,Roy_Baumeister,Q16199073,male,71,,2006.0
Scientist,Roy_Baumeister,Q16202236,male,71,,2006.0
Scientist,Roy_Baumeister,Q16203957,male,71,,2006.0
Scientist,Roy_Baumeister,Q16268920,male,71,,2006.0
Scientist,Roy_Baumeister,Q16269191,male,71,,2006.0
Scientist,Roy_Baumeister,Q16299208,male,71,,2006.0
Scientist,Roy_Baumeister,Q16300532,male,71,,2006.0
Scientist,Roy_Baumeister,Q16524699,male,71,,2006.0
Scientist,Roy_Baumeister,Q16526362,male,71,,2006.0
Scientist,Roy_Baumeister,Q165331,male,71,,2006.0
Scientist,Roy_Baumeister,Q16615064,male,71,,2006.0
Scientist,Roy_Baumeister,Q16739217,female,71,,2006.0
Scientist,Roy_Baumeister,Q1681100,male,71,,2006.0
Scientist,Roy_Baumeister,Q1682338,male,71,,2006.0
Scientist,Roy_Baumeister,Q1684720,male,71,,2006.0
Scientist,Roy_Baumeister,Q1689030,male,71,,2006.0
Scientist,Roy_Baumeister,Q16906706,male,71,,2006.0
Scientist,Roy_Baumeister,Q1692585,male,71,,2006.0
Scientist,Roy_Baumeister,Q16945065,female,71,,2006.0
Scientist,Roy_Baumeister,Q16948404,female,71,,2006.0
Scientist,Roy_Baumeister,Q1702375,male,71,,2006.0
Scientist,Roy_Baumeister,Q1709093,male,71,,2006.0
Scientist,Roy_Baumeister,Q17123923,male,71,,2006.0
Scientist,Roy_Baumeister,Q1725618,male,71,,2006.0
Scientist,Roy_Baumeister,Q17280340,male,71,,2006.0
Scientist,Roy_Baumeister,Q1730647,male,71,,2006.0
Scientist,Roy_Baumeister,Q1734737,male,71,,2006.0
Scientist,Roy_Baumeister,Q17382978,male,71,,2006.0
Scientist,Roy_Baumeister,Q17446868,male,71,,2006.0
Scientist,Roy_Baumeister,Q1747662,male,71,,2006.0
Scientist,Roy_Baumeister,Q1750883,male,71,,2006.0
Scientist,Roy_Baumeister,Q1758106,male,71,,2006.0
Scientist,Roy_Baumeister,Q176246,male,71,,2006.0
Scientist,Roy_Baumeister,Q1772432,male,71,,2006.0
Scientist,Roy_Baumeister,Q1782815,male,71,,2006.0
Scientist,Roy_Baumeister,Q1790118,male,71,,2006.0
Scientist,Roy_Baumeister,Q180278,male,71,,2006.0
Scientist,Roy_Baumeister,Q18115251,male,71,,2006.0
Scientist,Roy_Baumeister,Q18117988,male,71,,2006.0
Scientist,Roy_Baumeister,Q18192151,male,71,,2006.0
Scientist,Roy_Baumeister,Q181995,male,71,,2006.0
Scientist,Roy_Baumeister,Q18226089,female,71,,2006.0
Scientist,Roy_Baumeister,Q18238897,male,71,,2006.0
Scientist,Roy_Baumeister,Q183181,male,71,,2006.0
Scientist,Roy_Baumeister,Q18533712,male,71,,2006.0
Scientist,Roy_Baumeister,Q18536523,male,71,,2006.0
Scientist,Roy_Baumeister,Q18543908,male,71,,2006.0
Scientist,Roy_Baumeister,Q18546183,male,71,,2006.0
Scientist,Roy_Baumeister,Q1858041,male,71,,2006.0
Scientist,Roy_Baumeister,Q18631141,female,71,,2006.0
Scientist,Roy_Baumeister,Q18673990,male,71,,2006.0
Scientist,Roy_Baumeister,Q1873423,male,71,,2006.0
Scientist,Roy_Baumeister,Q1874282,male,71,,2006.0
Scientist,Roy_Baumeister,Q1879360,female,71,,2006.0
Scientist,Roy_Baumeister,Q1879372,male,71,,2006.0
Scientist,Roy_Baumeister,Q18810596,female,71,,2006.0
Scientist,Roy_Baumeister,Q1897057,female,71,,2006.0
Scientist,Roy_Baumeister,Q18984793,female,71,,2006.0
Scientist,Roy_Baumeister,Q19215054,male,71,,2006.0
Scientist,Roy_Baumeister,Q192279,male,71,,2006.0
Scientist,Roy_Baumeister,Q1937725,male,71,,2006.0
Scientist,Roy_Baumeister,Q1945758,male,71,,2006.0
Scientist,Roy_Baumeister,Q19560724,male,71,,2006.0
Scientist,Roy_Baumeister,Q1956102,male,71,,2006.0
Scientist,Roy_Baumeister,Q19629204,male,71,,2006.0
Scientist,Roy_Baumeister,Q19629556,male,71,,2006.0
Scientist,Roy_Baumeister,Q19630016,male,71,,2006.0
Scientist,Roy_Baumeister,Q19630506,male,71,,2006.0
Scientist,Roy_Baumeister,Q19654809,male,71,,2006.0
Scientist,Roy_Baumeister,Q19671543,male,71,,2006.0
Scientist,Roy_Baumeister,Q1974718,male,71,,2006.0
Scientist,Roy_Baumeister,Q19834433,male,71,,2006.0
Scientist,Roy_Baumeister,Q1984896,male,71,,2006.0
Scientist,Roy_Baumeister,Q19866187,male,71,,2006.0
Scientist,Roy_Baumeister,Q19867635,female,71,,2006.0
Scientist,Roy_Baumeister,Q19880951,female,71,,2006.0
Scientist,Roy_Baumeister,Q19937771,male,71,,2006.0
Scientist,Roy_Baumeister,Q19949728,male,71,,2006.0
Scientist,Roy_Baumeister,Q2004931,male,71,,2006.0
Scientist,Roy_Baumeister,Q20130244,male,71,,2006.0
Scientist,Roy_Baumeister,Q20164564,female,71,,2006.0
Scientist,Roy_Baumeister,Q2017937,male,71,,2006.0
Scientist,Roy_Baumeister,Q203171,male,71,,2006.0
Scientist,Roy_Baumeister,Q203359,male,71,,2006.0
Scientist,Roy_Baumeister,Q20393371,male,71,,2006.0
Scientist,Roy_Baumeister,Q20509002,male,71,,2006.0
Scientist,Roy_Baumeister,Q20538968,male,71,,2006.0
Scientist,Roy_Baumeister,Q2067792,female,71,,2006.0
Scientist,Roy_Baumeister,Q20742760,male,71,,2006.0
Scientist,Roy_Baumeister,Q20743167,male,71,,2006.0
Scientist,Roy_Baumeister,Q2074598,male,71,,2006.0
Scientist,Roy_Baumeister,Q21005693,male,71,,2006.0
Scientist,Roy_Baumeister,Q21027594,female,71,,2006.0
Scientist,Roy_Baumeister,Q21064770,male,71,,2006.0
Scientist,Roy_Baumeister,Q21091593,male,71,,2006.0
Scientist,Roy_Baumeister,Q21153749,female,71,,2006.0
Scientist,Roy_Baumeister,Q2123852,female,71,,2006.0
Scientist,Roy_Baumeister,Q21328793,female,71,,2006.0
Scientist,Roy_Baumeister,Q21391695,male,71,,2006.0
Scientist,Roy_Baumeister,Q2141696,male,71,,2006.0
Scientist,Roy_Baumeister,Q214617,female,71,,2006.0
Scientist,Roy_Baumeister,Q2150117,male,71,,2006.0
Scientist,Roy_Baumeister,Q21511656,male,71,,2006.0
Scientist,Roy_Baumeister,Q21541942,male,71,,2006.0
Scientist,Roy_Baumeister,Q21542761,male,71,,2006.0
Scientist,Roy_Baumeister,Q21601982,male,71,,2006.0
Scientist,Roy_Baumeister,Q216811,male,71,,2006.0
Scientist,Roy_Baumeister,Q21684999,male,71,,2006.0
Scientist,Roy_Baumeister,Q2170769,male,71,,2006.0
Scientist,Roy_Baumeister,Q2172949,male,71,,2006.0
Scientist,Roy_Baumeister,Q2209781,female,71,,2006.0
Scientist,Roy_Baumeister,Q22107416,male,71,,2006.0
Scientist,Roy_Baumeister,Q22210020,male,71,,2006.0
Scientist,Roy_Baumeister,Q22212571,male,71,,2006.0
Scientist,Roy_Baumeister,Q22351059,male,71,,2006.0
Scientist,Roy_Baumeister,Q22665511,female,71,,2006.0
Scientist,Roy_Baumeister,Q2282382,male,71,,2006.0
Scientist,Roy_Baumeister,Q23011391,male,71,,2006.0
Scientist,Roy_Baumeister,Q23035463,male,71,,2006.0
Scientist,Roy_Baumeister,Q23040071,male,71,,2006.0
Scientist,Roy_Baumeister,Q23059975,male,71,,2006.0
Scientist,Roy_Baumeister,Q23063353,male,71,,2006.0
Scientist,Roy_Baumeister,Q23391666,male,71,,2006.0
Scientist,Roy_Baumeister,Q235231,female,71,,2006.0
Scientist,Roy_Baumeister,Q235248,female,71,,2006.0
Scientist,Roy_Baumeister,Q23583537,male,71,,2006.0
Scientist,Roy_Baumeister,Q237268,male,71,,2006.0
Scientist,Roy_Baumeister,Q2375655,male,71,,2006.0
Scientist,Roy_Baumeister,Q23780935,male,71,,2006.0
Scientist,Roy_Baumeister,Q238361,female,71,,2006.0
Scientist,Roy_Baumeister,Q23943743,male,71,,2006.0
Scientist,Roy_Baumeister,Q24009880,male,71,,2006.0
Scientist,Roy_Baumeister,Q2413886,male,71,,2006.0
Scientist,Roy_Baumeister,Q24239722,male,71,,2006.0
Scientist,Roy_Baumeister,Q24255949,male,71,,2006.0
Scientist,Roy_Baumeister,Q242609,male,71,,2006.0
Scientist,Roy_Baumeister,Q2436364,male,71,,2006.0
Scientist,Roy_Baumeister,Q2440469,male,71,,2006.0
Scientist,Roy_Baumeister,Q24428803,female,71,,2006.0
Scientist,Roy_Baumeister,Q2457294,male,71,,2006.0
Scientist,Roy_Baumeister,Q24866548,male,71,,2006.0
Scientist,Roy_Baumeister,Q2490516,male,71,,2006.0
Scientist,Roy_Baumeister,Q2495376,female,71,,2006.0
Scientist,Roy_Baumeister,Q2498234,,71,,2006.0
Scientist,Roy_Baumeister,Q25099955,male,71,,2006.0
Scientist,Roy_Baumeister,Q2517956,male,71,,2006.0
Scientist,Roy_Baumeister,Q25349719,male,71,,2006.0
Scientist,Roy_Baumeister,Q25368339,male,71,,2006.0
Scientist,Roy_Baumeister,Q258662,male,71,,2006.0
Scientist,Roy_Baumeister,Q2591342,male,71,,2006.0
Scientist,Roy_Baumeister,Q2600496,male,71,,2006.0
Scientist,Roy_Baumeister,Q26055347,male,71,,2006.0
Scientist,Roy_Baumeister,Q2618170,male,71,,2006.0
Scientist,Roy_Baumeister,Q2641192,male,71,,2006.0
Scientist,Roy_Baumeister,Q2642239,male,71,,2006.0
Scientist,Roy_Baumeister,Q2657898,male,71,,2006.0
Scientist,Roy_Baumeister,Q267796,female,71,,2006.0
Scientist,Roy_Baumeister,Q2680156,female,71,,2006.0
Scientist,Roy_Baumeister,Q26819136,male,71,,2006.0
Scientist,Roy_Baumeister,Q26924654,male,71,,2006.0
Scientist,Roy_Baumeister,Q27050474,male,71,,2006.0
Scientist,Roy_Baumeister,Q27058670,male,71,,2006.0
Scientist,Roy_Baumeister,Q2734356,male,71,,2006.0
Scientist,Roy_Baumeister,Q274686,female,71,,2006.0
Scientist,Roy_Baumeister,Q2756632,male,71,,2006.0
Scientist,Roy_Baumeister,Q27663202,female,71,,2006.0
Scientist,Roy_Baumeister,Q276704,male,71,,2006.0
Scientist,Roy_Baumeister,Q27767437,female,71,,2006.0
Scientist,Roy_Baumeister,Q27916231,male,71,,2006.0
Scientist,Roy_Baumeister,Q27956435,male,71,,2006.0
Scientist,Roy_Baumeister,Q28057690,female,71,,2006.0
Scientist,Roy_Baumeister,Q28086215,female,71,,2006.0
Scientist,Roy_Baumeister,Q28114115,male,71,,2006.0
Scientist,Roy_Baumeister,Q28120451,male,71,,2006.0
Scientist,Roy_Baumeister,Q28358585,male,71,,2006.0
Scientist,Roy_Baumeister,Q2839187,male,71,,2006.0
Scientist,Roy_Baumeister,Q2840019,male,71,,2006.0
Scientist,Roy_Baumeister,Q28465662,male,71,,2006.0
Scientist,Roy_Baumeister,Q2849121,male,71,,2006.0
Scientist,Roy_Baumeister,Q2853491,male,71,,2006.0
Scientist,Roy_Baumeister,Q2853642,male,71,,2006.0
Scientist,Roy_Baumeister,Q2856660,male,71,,2006.0
Scientist,Roy_Baumeister,Q287097,male,71,,2006.0
Scientist,Roy_Baumeister,Q2871395,male,71,,2006.0
Scientist,Roy_Baumeister,Q28778875,female,71,,2006.0
Scientist,Roy_Baumeister,Q28792576,female,71,,2006.0
Scientist,Roy_Baumeister,Q287994,female,71,,2006.0
Scientist,Roy_Baumeister,Q28835658,male,71,,2006.0
Scientist,Roy_Baumeister,Q2898258,male,71,,2006.0
Scientist,Roy_Baumeister,Q2898798,male,71,,2006.0
Scientist,Roy_Baumeister,Q29221786,male,71,,2006.0
Scientist,Roy_Baumeister,Q29376018,male,71,,2006.0
Scientist,Roy_Baumeister,Q2939397,male,71,,2006.0
Scientist,Roy_Baumeister,Q2939592,female,71,,2006.0
Scientist,Roy_Baumeister,Q2958183,male,71,,2006.0
Scientist,Roy_Baumeister,Q2959859,male,71,,2006.0
Scientist,Roy_Baumeister,Q2965141,male,71,,2006.0
Scientist,Roy_Baumeister,Q2965233,male,71,,2006.0
Scientist,Roy_Baumeister,Q2976792,male,71,,2006.0
Scientist,Roy_Baumeister,Q29843488,male,71,,2006.0
Scientist,Roy_Baumeister,Q30059319,male,71,,2006.0
Scientist,Roy_Baumeister,Q30118245,male,71,,2006.0
Scientist,Roy_Baumeister,Q30158332,female,71,,2006.0
Scientist,Roy_Baumeister,Q30234102,male,71,,2006.0
Scientist,Roy_Baumeister,Q3027034,male,71,,2006.0
Scientist,Roy_Baumeister,Q3027466,male,71,,2006.0
Scientist,Roy_Baumeister,Q30316150,male,71,,2006.0
Scientist,Roy_Baumeister,Q3050904,male,71,,2006.0
Scientist,Roy_Baumeister,Q30539727,male,71,,2006.0
Scientist,Roy_Baumeister,Q3056986,male,71,,2006.0
Scientist,Roy_Baumeister,Q3058617,male,71,,2006.0
Scientist,Roy_Baumeister,Q3059326,male,71,,2006.0
Scientist,Roy_Baumeister,Q3061474,male,71,,2006.0
Scientist,Roy_Baumeister,Q3063050,male,71,,2006.0
Scientist,Roy_Baumeister,Q30728415,male,71,,2006.0
Scientist,Roy_Baumeister,Q3081428,female,71,,2006.0
Scientist,Roy_Baumeister,Q3081609,male,71,,2006.0
Scientist,Roy_Baumeister,Q3083342,male,71,,2006.0
Scientist,Roy_Baumeister,Q3092285,female,71,,2006.0
Scientist,Roy_Baumeister,Q3094229,male,71,,2006.0
Scientist,Roy_Baumeister,Q3103765,male,71,,2006.0
Scientist,Roy_Baumeister,Q3104163,female,71,,2006.0
Scientist,Roy_Baumeister,Q3104910,male,71,,2006.0
Scientist,Roy_Baumeister,Q3105624,male,71,,2006.0
Scientist,Roy_Baumeister,Q3106845,male,71,,2006.0
Scientist,Roy_Baumeister,Q3109761,male,71,,2006.0
Scientist,Roy_Baumeister,Q3119869,male,71,,2006.0
Scientist,Roy_Baumeister,Q3119874,male,71,,2006.0
Scientist,Roy_Baumeister,Q3121606,male,71,,2006.0
Scientist,Roy_Baumeister,Q312326,male,71,,2006.0
Scientist,Roy_Baumeister,Q3131677,male,71,,2006.0
Scientist,Roy_Baumeister,Q3131995,male,71,,2006.0
Scientist,Roy_Baumeister,Q3132181,male,71,,2006.0
Scientist,Roy_Baumeister,Q3133933,male,71,,2006.0
Scientist,Roy_Baumeister,Q3134638,male,71,,2006.0
Scientist,Roy_Baumeister,Q313765,male,71,,2006.0
Scientist,Roy_Baumeister,Q3150693,female,71,,2006.0
Scientist,Roy_Baumeister,Q3158368,male,71,,2006.0
Scientist,Roy_Baumeister,Q3159337,male,71,,2006.0
Scientist,Roy_Baumeister,Q316339,male,71,,2006.0
Scientist,Roy_Baumeister,Q3164909,male,71,,2006.0
Scientist,Roy_Baumeister,Q3168795,male,71,,2006.0
Scientist,Roy_Baumeister,Q3170343,male,71,,2006.0
Scientist,Roy_Baumeister,Q3170695,male,71,,2006.0
Scientist,Roy_Baumeister,Q3173288,male,71,,2006.0
Scientist,Roy_Baumeister,Q3173503,male,71,,2006.0
Scientist,Roy_Baumeister,Q31736967,female,71,,2006.0
Scientist,Roy_Baumeister,Q3185262,male,71,,2006.0
Scientist,Roy_Baumeister,Q3185724,male,71,,2006.0
Scientist,Roy_Baumeister,Q3186603,male,71,,2006.0
Scientist,Roy_Baumeister,Q3187279,male,71,,2006.0
Scientist,Roy_Baumeister,Q3187784,male,71,,2006.0
Scientist,Roy_Baumeister,Q3188459,male,71,,2006.0
Scientist,Roy_Baumeister,Q3188607,male,71,,2006.0
Scientist,Roy_Baumeister,Q319785,male,71,,2006.0
Scientist,Roy_Baumeister,Q3201164,male,71,,2006.0
Scientist,Roy_Baumeister,Q3219062,male,71,,2006.0
Scientist,Roy_Baumeister,Q3257165,male,71,,2006.0
Scientist,Roy_Baumeister,Q3257592,female,71,,2006.0
Scientist,Roy_Baumeister,Q3259531,male,71,,2006.0
Scientist,Roy_Baumeister,Q326010,male,71,,2006.0
Scientist,Roy_Baumeister,Q3260434,male,71,,2006.0
Scientist,Roy_Baumeister,Q3261629,male,71,,2006.0
Scientist,Roy_Baumeister,Q3263929,male,71,,2006.0
Scientist,Roy_Baumeister,Q326819,male,71,,2006.0
Scientist,Roy_Baumeister,Q3270328,female,71,,2006.0
Scientist,Roy_Baumeister,Q3271842,male,71,,2006.0
Scientist,Roy_Baumeister,Q3284965,female,71,,2006.0
Scientist,Roy_Baumeister,Q3287763,male,71,,2006.0
Scientist,Roy_Baumeister,Q3287914,male,71,,2006.0
Scientist,Roy_Baumeister,Q3289351,male,71,,2006.0
Scientist,Roy_Baumeister,Q3292522,female,71,,2006.0
Scientist,Roy_Baumeister,Q3295190,female,71,,2006.0
Scientist,Roy_Baumeister,Q329990,male,71,,2006.0
Scientist,Roy_Baumeister,Q3300332,male,71,,2006.0
Scientist,Roy_Baumeister,Q3300429,male,71,,2006.0
Scientist,Roy_Baumeister,Q3300471,male,71,,2006.0
Scientist,Roy_Baumeister,Q3301135,male,71,,2006.0
Scientist,Roy_Baumeister,Q3301801,male,71,,2006.0
Scientist,Roy_Baumeister,Q330616,male,71,,2006.0
Scientist,Roy_Baumeister,Q330726,male,71,,2006.0
Scientist,Roy_Baumeister,Q3309200,male,71,,2006.0
Scientist,Roy_Baumeister,Q3310114,male,71,,2006.0
Scientist,Roy_Baumeister,Q33108747,male,71,,2006.0
Scientist,Roy_Baumeister,Q33176797,male,71,,2006.0
Scientist,Roy_Baumeister,Q3336611,female,71,,2006.0
Scientist,Roy_Baumeister,Q333843,male,71,,2006.0
Scientist,Roy_Baumeister,Q3340267,male,71,,2006.0
Scientist,Roy_Baumeister,Q3340654,male,71,,2006.0
Scientist,Roy_Baumeister,Q3350624,male,71,,2006.0
Scientist,Roy_Baumeister,Q335269,male,71,,2006.0
Scientist,Roy_Baumeister,Q336519,male,71,,2006.0
Scientist,Roy_Baumeister,Q3367352,male,71,,2006.0
Scientist,Roy_Baumeister,Q3369214,male,71,,2006.0
Scientist,Roy_Baumeister,Q3371615,male,71,,2006.0
Scientist,Roy_Baumeister,Q3380036,male,71,,2006.0
Scientist,Roy_Baumeister,Q3384313,male,71,,2006.0
Scientist,Roy_Baumeister,Q3384359,male,71,,2006.0
Scientist,Roy_Baumeister,Q3386562,male,71,,2006.0
Scientist,Roy_Baumeister,Q3394213,male,71,,2006.0
Scientist,Roy_Baumeister,Q3394502,female,71,,2006.0
Scientist,Roy_Baumeister,Q3396103,male,71,,2006.0
Scientist,Roy_Baumeister,Q33983200,male,71,,2006.0
Scientist,Roy_Baumeister,Q340215,male,71,,2006.0
Scientist,Roy_Baumeister,Q3403542,male,71,,2006.0
Scientist,Roy_Baumeister,Q3413779,male,71,,2006.0
Scientist,Roy_Baumeister,Q3418792,male,71,,2006.0
Scientist,Roy_Baumeister,Q3420952,male,71,,2006.0
Scientist,Roy_Baumeister,Q3421034,male,71,,2006.0
Scientist,Roy_Baumeister,Q3425933,male,71,,2006.0
Scientist,Roy_Baumeister,Q3426551,male,71,,2006.0
Scientist,Roy_Baumeister,Q347699,male,71,,2006.0
Scientist,Roy_Baumeister,Q347912,male,71,,2006.0
Scientist,Roy_Baumeister,Q3481794,male,71,,2006.0
Scientist,Roy_Baumeister,Q3490430,female,71,,2006.0
Scientist,Roy_Baumeister,Q3491194,male,71,,2006.0
Scientist,Roy_Baumeister,Q3513688,male,71,,2006.0
Scientist,Roy_Baumeister,Q355597,male,71,,2006.0
Scientist,Roy_Baumeister,Q3557077,male,71,,2006.0
Scientist,Roy_Baumeister,Q3570595,male,71,,2006.0
Scientist,Roy_Baumeister,Q3588316,male,71,,2006.0
Scientist,Roy_Baumeister,Q3591105,male,71,,2006.0
Scientist,Roy_Baumeister,Q360531,male,71,,2006.0
Scientist,Roy_Baumeister,Q36182457,male,71,,2006.0
Scientist,Roy_Baumeister,Q36194370,male,71,,2006.0
Scientist,Roy_Baumeister,Q3622579,male,71,,2006.0
Scientist,Roy_Baumeister,Q362639,male,71,,2006.0
Scientist,Roy_Baumeister,Q36318409,male,71,,2006.0
Scientist,Roy_Baumeister,Q363747,male,71,,2006.0
Scientist,Roy_Baumeister,Q364060,male,71,,2006.0
Scientist,Roy_Baumeister,Q3645853,male,71,,2006.0
Scientist,Roy_Baumeister,Q365284,male,71,,2006.0
Scientist,Roy_Baumeister,Q36541371,male,71,,2006.0
Scientist,Roy_Baumeister,Q365787,male,71,,2006.0
Scientist,Roy_Baumeister,Q3667489,female,71,,2006.0
Scientist,Roy_Baumeister,Q36696828,female,71,,2006.0
Scientist,Roy_Baumeister,Q3700023,male,71,,2006.0
Scientist,Roy_Baumeister,Q3707170,male,71,,2006.0
Scientist,Roy_Baumeister,Q372979,male,71,,2006.0
Scientist,Roy_Baumeister,Q3735180,male,71,,2006.0
Scientist,Roy_Baumeister,Q3749875,male,71,,2006.0
Scientist,Roy_Baumeister,Q3750248,male,71,,2006.0
Scientist,Roy_Baumeister,Q3762950,male,71,,2006.0
Scientist,Roy_Baumeister,Q3787475,male,71,,2006.0
Scientist,Roy_Baumeister,Q380252,male,71,,2006.0
Scientist,Roy_Baumeister,Q38028913,male,71,,2006.0
Scientist,Roy_Baumeister,Q381150,male,71,,2006.0
Scientist,Roy_Baumeister,Q3828157,male,71,,2006.0
Scientist,Roy_Baumeister,Q384481,male,71,,2006.0
Scientist,Roy_Baumeister,Q39006287,male,71,,2006.0
Scientist,Roy_Baumeister,Q3905158,male,71,,2006.0
Scientist,Roy_Baumeister,Q3924125,male,71,,2006.0
Scientist,Roy_Baumeister,Q3956341,male,71,,2006.0
Scientist,Roy_Baumeister,Q3990628,male,71,,2006.0
Scientist,Roy_Baumeister,Q40678801,male,71,,2006.0
Scientist,Roy_Baumeister,Q41222,male,71,,2006.0
Scientist,Roy_Baumeister,Q41334105,male,71,,2006.0
Scientist,Roy_Baumeister,Q4137146,male,71,,2006.0
Scientist,Roy_Baumeister,Q41535698,female,71,,2006.0
Scientist,Roy_Baumeister,Q41559772,male,71,,2006.0
Scientist,Roy_Baumeister,Q41680,male,71,,2006.0
Scientist,Roy_Baumeister,Q41970403,,71,,2006.0
Scientist,Roy_Baumeister,Q42150367,male,71,,2006.0
Scientist,Roy_Baumeister,Q42292958,male,71,,2006.0
Scientist,Roy_Baumeister,Q42385706,male,71,,2006.0
Scientist,Roy_Baumeister,Q42529728,female,71,,2006.0
Scientist,Roy_Baumeister,Q4319611,male,71,,2006.0
Scientist,Roy_Baumeister,Q4327587,male,71,,2006.0
Scientist,Roy_Baumeister,Q4356263,female,71,,2006.0
Scientist,Roy_Baumeister,Q43948085,male,71,,2006.0
Scientist,Roy_Baumeister,Q4396313,male,71,,2006.0
Scientist,Roy_Baumeister,Q4402160,male,71,,2006.0
Scientist,Roy_Baumeister,Q441178,male,71,,2006.0
Scientist,Roy_Baumeister,Q441510,female,71,,2006.0
Scientist,Roy_Baumeister,Q4459751,female,71,,2006.0
Scientist,Roy_Baumeister,Q4462929,male,71,,2006.0
Scientist,Roy_Baumeister,Q4477478,male,71,,2006.0
Scientist,Roy_Baumeister,Q4491341,male,71,,2006.0
Scientist,Roy_Baumeister,Q452159,female,71,,2006.0
Scientist,Roy_Baumeister,Q456923,female,71,,2006.0
Scientist,Roy_Baumeister,Q458663,female,71,,2006.0
Scientist,Roy_Baumeister,Q46176506,male,71,,2006.0
Scientist,Roy_Baumeister,Q464072,female,71,,2006.0
Scientist,Roy_Baumeister,Q465890,female,71,,2006.0
Scientist,Roy_Baumeister,Q4665232,male,71,,2006.0
Scientist,Roy_Baumeister,Q467915,female,71,,2006.0
Scientist,Roy_Baumeister,Q468761,female,71,,2006.0
Scientist,Roy_Baumeister,Q469349,female,71,,2006.0
Scientist,Roy_Baumeister,Q46998084,male,71,,2006.0
Scientist,Roy_Baumeister,Q47006117,male,71,,2006.0
Scientist,Roy_Baumeister,Q471087,male,71,,2006.0
Scientist,Roy_Baumeister,Q47159951,male,71,,2006.0
Scientist,Roy_Baumeister,Q47191783,female,71,,2006.0
Scientist,Roy_Baumeister,Q4723215,male,71,,2006.0
Scientist,Roy_Baumeister,Q4726625,female,71,,2006.0
Scientist,Roy_Baumeister,Q4739577,female,71,,2006.0
Scientist,Roy_Baumeister,Q47491660,male,71,,2006.0
Scientist,Roy_Baumeister,Q47492930,male,71,,2006.0
Scientist,Roy_Baumeister,Q47515122,male,71,,2006.0
Scientist,Roy_Baumeister,Q4752060,male,71,,2006.0
Scientist,Roy_Baumeister,Q478401,male,71,,2006.0
Scientist,Roy_Baumeister,Q48072612,male,71,,2006.0
Scientist,Roy_Baumeister,Q4821093,male,71,,2006.0
Scientist,Roy_Baumeister,Q485517,male,71,,2006.0
Scientist,Roy_Baumeister,Q4864205,male,71,,2006.0
Scientist,Roy_Baumeister,Q48780802,male,71,,2006.0
Scientist,Roy_Baumeister,Q48805088,male,71,,2006.0
Scientist,Roy_Baumeister,Q4882377,male,71,,2006.0
Scientist,Roy_Baumeister,Q4893683,male,71,,2006.0
Scientist,Roy_Baumeister,Q4894069,male,71,,2006.0
Scientist,Roy_Baumeister,Q4896407,male,71,,2006.0
Scientist,Roy_Baumeister,Q48992139,male,71,,2006.0
Scientist,Roy_Baumeister,Q496645,male,71,,2006.0
Scientist,Roy_Baumeister,Q497785,female,71,,2006.0
Scientist,Roy_Baumeister,Q4978888,female,71,,2006.0
Scientist,Roy_Baumeister,Q4993211,male,71,,2006.0
Scientist,Roy_Baumeister,Q50208167,male,71,,2006.0
Scientist,Roy_Baumeister,Q50364543,male,71,,2006.0
Scientist,Roy_Baumeister,Q503710,male,71,,2006.0
Scientist,Roy_Baumeister,Q5040682,male,71,,2006.0
Scientist,Roy_Baumeister,Q504929,male,71,,2006.0
Scientist,Roy_Baumeister,Q50923789,female,71,,2006.0
Scientist,Roy_Baumeister,Q5111997,male,71,,2006.0
Scientist,Roy_Baumeister,Q513481,male,71,,2006.0
Scientist,Roy_Baumeister,Q52148519,male,71,,2006.0
Scientist,Roy_Baumeister,Q52157488,male,71,,2006.0
Scientist,Roy_Baumeister,Q52189722,male,71,,2006.0
Scientist,Roy_Baumeister,Q5220712,male,71,,2006.0
Scientist,Roy_Baumeister,Q523915,male,71,,2006.0
Scientist,Roy_Baumeister,Q5266952,male,71,,2006.0
Scientist,Roy_Baumeister,Q5296413,female,71,,2006.0
Scientist,Roy_Baumeister,Q53092054,male,71,,2006.0
Scientist,Roy_Baumeister,Q5310417,male,71,,2006.0
Scientist,Roy_Baumeister,Q5312832,male,71,,2006.0
Scientist,Roy_Baumeister,Q5334607,male,71,,2006.0
Scientist,Roy_Baumeister,Q533639,male,71,,2006.0
Scientist,Roy_Baumeister,Q5340573,male,71,,2006.0
Scientist,Roy_Baumeister,Q53410,male,71,,2006.0
Scientist,Roy_Baumeister,Q5346939,male,71,,2006.0
Scientist,Roy_Baumeister,Q53552652,male,71,,2006.0
Scientist,Roy_Baumeister,Q53710058,male,71,,2006.0
Scientist,Roy_Baumeister,Q53775591,male,71,,2006.0
Scientist,Roy_Baumeister,Q5396196,male,71,,2006.0
Scientist,Roy_Baumeister,Q5411143,male,71,,2006.0
Scientist,Roy_Baumeister,Q5478594,female,71,,2006.0
Scientist,Roy_Baumeister,Q54804978,male,71,,2006.0
Scientist,Roy_Baumeister,Q54835855,female,71,,2006.0
Scientist,Roy_Baumeister,Q54861454,female,71,,2006.0
Scientist,Roy_Baumeister,Q5489712,male,71,,2006.0
Scientist,Roy_Baumeister,Q5499453,male,71,,2006.0
Scientist,Roy_Baumeister,Q55032200,male,71,,2006.0
Scientist,Roy_Baumeister,Q55072449,male,71,,2006.0
Scientist,Roy_Baumeister,Q55126819,male,71,,2006.0
Scientist,Roy_Baumeister,Q55134265,male,71,,2006.0
Scientist,Roy_Baumeister,Q55208129,male,71,,2006.0
Scientist,Roy_Baumeister,Q552288,male,71,,2006.0
Scientist,Roy_Baumeister,Q55231004,female,71,,2006.0
Scientist,Roy_Baumeister,Q552875,male,71,,2006.0
Scientist,Roy_Baumeister,Q55590229,male,71,,2006.0
Scientist,Roy_Baumeister,Q55620325,male,71,,2006.0
Scientist,Roy_Baumeister,Q55627372,female,71,,2006.0
Scientist,Roy_Baumeister,Q55649583,male,71,,2006.0
Scientist,Roy_Baumeister,Q55675663,male,71,,2006.0
Scientist,Roy_Baumeister,Q55721057,male,71,,2006.0
Scientist,Roy_Baumeister,Q55770967,male,71,,2006.0
Scientist,Roy_Baumeister,Q5580423,male,71,,2006.0
Scientist,Roy_Baumeister,Q55836165,male,71,,2006.0
Scientist,Roy_Baumeister,Q55836304,male,71,,2006.0
Scientist,Roy_Baumeister,Q55860678,male,71,,2006.0
Scientist,Roy_Baumeister,Q55899631,male,71,,2006.0
Scientist,Roy_Baumeister,Q55938413,male,71,,2006.0
Scientist,Roy_Baumeister,Q55939619,male,71,,2006.0
Scientist,Roy_Baumeister,Q55944154,male,71,,2006.0
Scientist,Roy_Baumeister,Q55948435,male,71,,2006.0
Scientist,Roy_Baumeister,Q55948634,male,71,,2006.0
Scientist,Roy_Baumeister,Q55948953,female,71,,2006.0
Scientist,Roy_Baumeister,Q55950558,male,71,,2006.0
Scientist,Roy_Baumeister,Q5596368,male,71,,2006.0
Scientist,Roy_Baumeister,Q55998397,male,71,,2006.0
Scientist,Roy_Baumeister,Q560286,male,71,,2006.0
Scientist,Roy_Baumeister,Q56118308,male,71,,2006.0
Scientist,Roy_Baumeister,Q56285067,male,71,,2006.0
Scientist,Roy_Baumeister,Q56314242,female,71,,2006.0
Scientist,Roy_Baumeister,Q565988,female,71,,2006.0
Scientist,Roy_Baumeister,Q56707515,male,71,,2006.0
Scientist,Roy_Baumeister,Q567872,male,71,,2006.0
Scientist,Roy_Baumeister,Q5697684,male,71,,2006.0
Scientist,Roy_Baumeister,Q5725010,male,71,,2006.0
Scientist,Roy_Baumeister,Q57401936,male,71,,2006.0
Scientist,Roy_Baumeister,Q57410735,,71,,2006.0
Scientist,Roy_Baumeister,Q57515867,female,71,,2006.0
Scientist,Roy_Baumeister,Q5780880,female,71,,2006.0
Scientist,Roy_Baumeister,Q57845186,male,71,,2006.0
Scientist,Roy_Baumeister,Q57905603,male,71,,2006.0
Scientist,Roy_Baumeister,Q57908949,male,71,,2006.0
Scientist,Roy_Baumeister,Q5804958,male,71,,2006.0
Scientist,Roy_Baumeister,Q58487634,female,71,,2006.0
Scientist,Roy_Baumeister,Q58489685,female,71,,2006.0
Scientist,Roy_Baumeister,Q5859238,male,71,,2006.0
Scientist,Roy_Baumeister,Q5863113,male,71,,2006.0
Scientist,Roy_Baumeister,Q5873478,male,71,,2006.0
Scientist,Roy_Baumeister,Q59259424,male,71,,2006.0
Scientist,Roy_Baumeister,Q5927456,male,71,,2006.0
Scientist,Roy_Baumeister,Q59310267,male,71,,2006.0
Scientist,Roy_Baumeister,Q594070,male,71,,2006.0
Scientist,Roy_Baumeister,Q5949768,male,71,,2006.0
Scientist,Roy_Baumeister,Q59529689,male,71,,2006.0
Scientist,Roy_Baumeister,Q59530267,male,71,,2006.0
Scientist,Roy_Baumeister,Q59531091,male,71,,2006.0
Scientist,Roy_Baumeister,Q59531198,female,71,,2006.0
Scientist,Roy_Baumeister,Q59533414,male,71,,2006.0
Scientist,Roy_Baumeister,Q59588092,male,71,,2006.0
Scientist,Roy_Baumeister,Q595951,male,71,,2006.0
Scientist,Roy_Baumeister,Q59610620,male,71,,2006.0
Scientist,Roy_Baumeister,Q59680064,male,71,,2006.0
Scientist,Roy_Baumeister,Q5981530,female,71,,2006.0
Scientist,Roy_Baumeister,Q59817354,female,71,,2006.0
Scientist,Roy_Baumeister,Q59821970,male,71,,2006.0
Scientist,Roy_Baumeister,Q59884066,male,71,,2006.0
Scientist,Roy_Baumeister,Q59897848,female,71,,2006.0
Scientist,Roy_Baumeister,Q60020591,male,71,,2006.0
Scientist,Roy_Baumeister,Q60034627,female,71,,2006.0
Scientist,Roy_Baumeister,Q6016012,female,71,,2006.0
Scientist,Roy_Baumeister,Q603926,male,71,,2006.0
Scientist,Roy_Baumeister,Q60830364,female,71,,2006.0
Scientist,Roy_Baumeister,Q6086798,male,71,,2006.0
Scientist,Roy_Baumeister,Q6094996,male,71,,2006.0
Scientist,Roy_Baumeister,Q6109552,male,71,,2006.0
Scientist,Roy_Baumeister,Q61157532,female,71,,2006.0
Scientist,Roy_Baumeister,Q6131053,male,71,,2006.0
Scientist,Roy_Baumeister,Q6182623,male,71,,2006.0
Scientist,Roy_Baumeister,Q61954131,male,71,,2006.0
Scientist,Roy_Baumeister,Q61973582,female,71,,2006.0
Scientist,Roy_Baumeister,Q62036281,male,71,,2006.0
Scientist,Roy_Baumeister,Q6233062,male,71,,2006.0
Scientist,Roy_Baumeister,Q63107250,female,71,,2006.0
Scientist,Roy_Baumeister,Q63158320,male,71,,2006.0
Scientist,Roy_Baumeister,Q63245064,female,71,,2006.0
Scientist,Roy_Baumeister,Q633054,male,71,,2006.0
Scientist,Roy_Baumeister,Q63434114,male,71,,2006.0
Scientist,Roy_Baumeister,Q6371738,male,71,,2006.0
Scientist,Roy_Baumeister,Q63774285,female,71,,2006.0
Scientist,Roy_Baumeister,Q63866129,male,71,,2006.0
Scientist,Roy_Baumeister,Q63952928,male,71,,2006.0
Scientist,Roy_Baumeister,Q63981892,female,71,,2006.0
Scientist,Roy_Baumeister,Q63981901,male,71,,2006.0
Scientist,Roy_Baumeister,Q64346998,male,71,,2006.0
Scientist,Roy_Baumeister,Q6454242,male,71,,2006.0
Scientist,Roy_Baumeister,Q64852995,female,71,,2006.0
Scientist,Roy_Baumeister,Q6490971,male,71,,2006.0
Scientist,Roy_Baumeister,Q6514303,male,71,,2006.0
Scientist,Roy_Baumeister,Q651598,male,71,,2006.0
Scientist,Roy_Baumeister,Q6520707,male,71,,2006.0
Scientist,Roy_Baumeister,Q65218660,male,71,,2006.0
Scientist,Roy_Baumeister,Q65486485,male,71,,2006.0
Scientist,Roy_Baumeister,Q65945959,male,71,,2006.0
Scientist,Roy_Baumeister,Q66287359,,71,,2006.0
Scientist,Roy_Baumeister,Q6673384,female,71,,2006.0
Scientist,Roy_Baumeister,Q6688278,male,71,,2006.0
Scientist,Roy_Baumeister,Q67179670,male,71,,2006.0
Scientist,Roy_Baumeister,Q67200483,,71,,2006.0
Scientist,Roy_Baumeister,Q6732087,male,71,,2006.0
Scientist,Roy_Baumeister,Q673217,male,71,,2006.0
Scientist,Roy_Baumeister,Q67409605,male,71,,2006.0
Scientist,Roy_Baumeister,Q67418,male,71,,2006.0
Scientist,Roy_Baumeister,Q678016,male,71,,2006.0
Scientist,Roy_Baumeister,Q6828952,male,71,,2006.0
Scientist,Roy_Baumeister,Q6830583,male,71,,2006.0
Scientist,Roy_Baumeister,Q6915753,male,71,,2006.0
Scientist,Roy_Baumeister,Q695861,male,71,,2006.0
Scientist,Roy_Baumeister,Q697741,male,71,,2006.0
Scientist,Roy_Baumeister,Q703406,male,71,,2006.0
Scientist,Roy_Baumeister,Q7103155,male,71,,2006.0
Scientist,Roy_Baumeister,Q712298,male,71,,2006.0
Scientist,Roy_Baumeister,Q7152029,male,71,,2006.0
Scientist,Roy_Baumeister,Q7153782,male,71,,2006.0
Scientist,Roy_Baumeister,Q718183,male,71,,2006.0
Scientist,Roy_Baumeister,Q71821,male,71,,2006.0
Scientist,Roy_Baumeister,Q721659,male,71,,2006.0
Scientist,Roy_Baumeister,Q7326155,male,71,,2006.0
Scientist,Roy_Baumeister,Q7329517,male,71,,2006.0
Scientist,Roy_Baumeister,Q7347484,male,71,,2006.0
Scientist,Roy_Baumeister,Q7351403,male,71,,2006.0
Scientist,Roy_Baumeister,Q7364511,male,71,,2006.0
Scientist,Roy_Baumeister,Q739521,male,71,,2006.0
Scientist,Roy_Baumeister,Q74402647,female,71,,2006.0
Scientist,Roy_Baumeister,Q7502326,female,71,,2006.0
Scientist,Roy_Baumeister,Q7508102,male,71,,2006.0
Scientist,Roy_Baumeister,Q7553785,female,71,,2006.0
Scientist,Roy_Baumeister,Q76151175,female,71,,2006.0
Scientist,Roy_Baumeister,Q768289,male,71,,2006.0
Scientist,Roy_Baumeister,Q77061,male,71,,2006.0
Scientist,Roy_Baumeister,Q77557,male,71,,2006.0
Scientist,Roy_Baumeister,Q7808858,male,71,,2006.0
Scientist,Roy_Baumeister,Q78491,male,71,,2006.0
Scientist,Roy_Baumeister,Q787717,male,71,,2006.0
Scientist,Roy_Baumeister,Q78919637,female,71,,2006.0
Scientist,Roy_Baumeister,Q79097506,male,71,,2006.0
Scientist,Roy_Baumeister,Q79329370,male,71,,2006.0
Scientist,Roy_Baumeister,Q8011960,male,71,,2006.0
Scientist,Roy_Baumeister,Q8066536,female,71,,2006.0
Scientist,Roy_Baumeister,Q818039,male,71,,2006.0
Scientist,Roy_Baumeister,Q81877,male,71,,2006.0
Scientist,Roy_Baumeister,Q83508675,male,71,,2006.0
Scientist,Roy_Baumeister,Q84523,male,71,,2006.0
Scientist,Roy_Baumeister,Q84556144,male,71,,2006.0
Scientist,Roy_Baumeister,Q84657687,male,71,,2006.0
Scientist,Roy_Baumeister,Q84761739,male,71,,2006.0
Scientist,Roy_Baumeister,Q85098678,male,71,,2006.0
Scientist,Roy_Baumeister,Q85423422,female,71,,2006.0
Scientist,Roy_Baumeister,Q85455135,male,71,,2006.0
Scientist,Roy_Baumeister,Q85695,male,71,,2006.0
Scientist,Roy_Baumeister,Q85835539,male,71,,2006.0
Scientist,Roy_Baumeister,Q86152,male,71,,2006.0
Scientist,Roy_Baumeister,Q86487137,male,71,,2006.0
Scientist,Roy_Baumeister,Q872306,male,71,,2006.0
Scientist,Roy_Baumeister,Q87279716,male,71,,2006.0
Scientist,Roy_Baumeister,Q873872,male,71,,2006.0
Scientist,Roy_Baumeister,Q87400800,male,71,,2006.0
Scientist,Roy_Baumeister,Q87401256,male,71,,2006.0
Scientist,Roy_Baumeister,Q8775497,male,71,,2006.0
Scientist,Roy_Baumeister,Q88033,male,71,,2006.0
Scientist,Roy_Baumeister,Q88910,male,71,,2006.0
Scientist,Roy_Baumeister,Q89107913,male,71,,2006.0
Scientist,Roy_Baumeister,Q89209263,male,71,,2006.0
Scientist,Roy_Baumeister,Q893296,male,71,,2006.0
Scientist,Roy_Baumeister,Q9011982,male,71,,2006.0
Scientist,Roy_Baumeister,Q91001469,,71,,2006.0
Scientist,Roy_Baumeister,Q910462,male,71,,2006.0
Scientist,Roy_Baumeister,Q911462,male,71,,2006.0
Scientist,Roy_Baumeister,Q91337592,male,71,,2006.0
Scientist,Roy_Baumeister,Q9152204,male,71,,2006.0
Scientist,Roy_Baumeister,Q9162083,male,71,,2006.0
Scientist,Roy_Baumeister,Q91779961,female,71,,2006.0
Scientist,Roy_Baumeister,Q91909828,male,71,,2006.0
Scientist,Roy_Baumeister,Q92284625,,71,,2006.0
Scientist,Roy_Baumeister,Q92494045,male,71,,2006.0
Scientist,Roy_Baumeister,Q9287964,male,71,,2006.0
Scientist,Roy_Baumeister,Q93138,male,71,,2006.0
Scientist,Roy_Baumeister,Q93224852,male,71,,2006.0
Scientist,Roy_Baumeister,Q93228978,male,71,,2006.0
Scientist,Roy_Baumeister,Q93234385,male,71,,2006.0
Scientist,Roy_Baumeister,Q93240402,female,71,,2006.0
Scientist,Roy_Baumeister,Q93240437,male,71,,2006.0
Scientist,Roy_Baumeister,Q93242267,male,71,,2006.0
Scientist,Roy_Baumeister,Q93246680,male,71,,2006.0
Scientist,Roy_Baumeister,Q93246717,male,71,,2006.0
Scientist,Roy_Baumeister,Q93247219,male,71,,2006.0
Scientist,Roy_Baumeister,Q93261239,female,71,,2006.0
Scientist,Roy_Baumeister,Q93265891,male,71,,2006.0
Scientist,Roy_Baumeister,Q9332600,female,71,,2006.0
Scientist,Roy_Baumeister,Q93370398,female,71,,2006.0
Scientist,Roy_Baumeister,Q93371412,male,71,,2006.0
Scientist,Roy_Baumeister,Q93372313,female,71,,2006.0
Scientist,Roy_Baumeister,Q93386731,male,71,,2006.0
Scientist,Roy_Baumeister,Q93435903,male,71,,2006.0
Scientist,Roy_Baumeister,Q934567,male,71,,2006.0
Scientist,Roy_Baumeister,Q93752159,male,71,,2006.0
Scientist,Roy_Baumeister,Q940261,male,71,,2006.0
Scientist,Roy_Baumeister,Q94276,male,71,,2006.0
Scientist,Roy_Baumeister,Q94298445,male,71,,2006.0
Scientist,Roy_Baumeister,Q94526195,female,71,,2006.0
Scientist,Roy_Baumeister,Q9455,male,71,,2006.0
Scientist,Roy_Baumeister,Q94663032,female,71,,2006.0
Scientist,Roy_Baumeister,Q94754103,male,71,,2006.0
Scientist,Roy_Baumeister,Q950726,male,71,,2006.0
Scientist,Roy_Baumeister,Q95076597,male,71,,2006.0
Scientist,Roy_Baumeister,Q95186220,female,71,,2006.0
Scientist,Roy_Baumeister,Q95191456,female,71,,2006.0
Scientist,Roy_Baumeister,Q95213054,female,71,,2006.0
Scientist,Roy_Baumeister,Q95218384,,71,,2006.0
Scientist,Roy_Baumeister,Q95288,male,71,,2006.0
Scientist,Roy_Baumeister,Q95291,male,71,,2006.0
Scientist,Roy_Baumeister,Q95333515,,71,,2006.0
Scientist,Roy_Baumeister,Q95336311,male,71,,2006.0
Scientist,Roy_Baumeister,Q95346426,,71,,2006.0
Scientist,Roy_Baumeister,Q95468011,male,71,,2006.0
Scientist,Roy_Baumeister,Q95637638,male,71,,2006.0
Scientist,Roy_Baumeister,Q95680876,female,71,,2006.0
Scientist,Roy_Baumeister,Q95682724,female,71,,2006.0
Scientist,Roy_Baumeister,Q95732565,female,71,,2006.0
Scientist,Roy_Baumeister,Q95756354,female,71,,2006.0
Scientist,Roy_Baumeister,Q95770708,male,71,,2006.0
Scientist,Roy_Baumeister,Q95799479,male,71,,2006.0
Scientist,Roy_Baumeister,Q958290,male,71,,2006.0
Scientist,Roy_Baumeister,Q95877287,male,71,,2006.0
Scientist,Roy_Baumeister,Q960633,male,71,,2006.0
Scientist,Roy_Baumeister,Q96069895,female,71,,2006.0
Scientist,Roy_Baumeister,Q96137509,,71,,2006.0
Scientist,Roy_Baumeister,Q965263,male,71,,2006.0
Scientist,Roy_Baumeister,Q96580113,male,71,,2006.0
Scientist,Roy_Baumeister,Q965883,male,71,,2006.0
Scientist,Roy_Baumeister,Q96677765,male,71,,2006.0
Scientist,Roy_Baumeister,Q96877851,male,71,,2006.0
Scientist,Roy_Baumeister,Q97066039,female,71,,2006.0
Scientist,Roy_Baumeister,Q97066307,male,71,,2006.0
Scientist,Roy_Baumeister,Q97299,male,71,,2006.0
Scientist,Roy_Baumeister,Q97445432,male,71,,2006.0
Scientist,Roy_Baumeister,Q97460770,female,71,,2006.0
Scientist,Roy_Baumeister,Q975584,male,71,,2006.0
Scientist,Roy_Baumeister,Q97925350,male,71,,2006.0
Scientist,Roy_Baumeister,Q979307,male,71,,2006.0
Scientist,Roy_Baumeister,Q97940564,female,71,,2006.0
Scientist,Roy_Baumeister,Q97942894,male,71,,2006.0
Scientist,Roy_Baumeister,Q98657133,male,71,,2006.0
Scientist,Roy_Baumeister,Q99307494,male,71,,2006.0
Scientist,Roy_Baumeister,Q99318879,male,71,,2006.0
Scientist,Roy_C._Geary,Q7372632,male,128,,2008.0
Scientist,Roy_C._Newton,Q7372637,male,0,,2006.0
Scientist,Roy_Cameron_(pathologist),Q3468229,male,70,,2008.0
Scientist,Roy_D._Patterson,Q59781948,male,0,,2018.0
Scientist,Roy_Daniells,Q7372729,male,77,,2005.0
Scientist,Roy_Dommett,Q7372746,male,82,,2009.0
Scientist,Roy_Ellen,Q7372767,male,0,,2008.0
Scientist,Roy_Emile_Gereau,Q4615065,male,77,,2014.0
Scientist,Roy_Fielding,Q93076,male,0,,2005.0
Scientist,Roy_Gibson,Q7372840,male,100,,2009.0
Scientist,Roy_Glauber,,,0,,2005.0
Scientist,Roy_Goodacre,Q57058337,male,0,,2020.0
Scientist,Roy_Gordon_Grainger,Q7372849,male,62,,2011.0
Scientist,Roy_Grounds,Q7372867,male,76,,2006.0
Scientist,Roy_H._Campbell,Q73807695,male,0,,2019.0
Scientist,Roy_Hamilton_(physician),Q95999700,male,51,,2020.0
Scientist,Roy_J._Glauber,Q64188,male,93,,2005.0
Scientist,Roy_J._Plunkett,Q908166,male,84,,2002.0
Scientist,Roy_John_Britten,Q7373005,male,105,,2006.0
Scientist,Roy_Kerr,Q959840,male,90,,2005.0
Scientist,Roy_M._Anderson,Q7373091,male,77,,2006.0
Scientist,Roy_M._Harrison,Q19862322,male,0,,2017.0
Scientist,Roy_M._Harrison,Q29642900,,0,,2017.0
Scientist,Roy_Maartens,,,0,,
Scientist,Roy_Medvedev,Q729983,male,99,,2005.0
Scientist,Roy_Mottahedeh,Q4119043,male,0,,2006.0
Scientist,Roy_Pea,Q7373253,male,72,,2006.0
Scientist,Roy_Rada,Q58173859,male,73,,2018.0
Scientist,Roy_Radner,Q1833370,male,95,,2009.0
Scientist,Roy_Sambles,Q15994728,male,0,,2006.0
Scientist,Roy_Sesana,Q1349897,male,0,,2005.0
Scientist,Roy_Snelling,Q7373383,male,74,,2008.0
Scientist,Roy_Spencer_(meteorologist),Q2170918,male,69,,2004.0
Scientist,Roy_W._Gould,Q2170916,male,95,,2020.0
Scientist,Roy_Walford,Q439482,male,80,,2004.0
Scientist,Roy_Want,Q102354199,male,0,,2021.0
Scientist,Roy_Yorke_Calne,Q2170935,male,94,,2024.0
Scientist,Roya_Rozati,Q66459249,female,0,,2019.0
Scientist,Royal_Alexander_Brink,Q7373651,male,0,,2005.0
Scientist,Royal_veto_of_the_appointment_of_bishops,Q7375092,,0,,2008.0
Scientist,Royall_T._Moore,Q6113033,male,84,,2015.0
Scientist,Royce_W._Murray,Q52158080,male,85,,2018.0
Scientist,Roza_Gongadze,,,0,,
Scientist,Rozalyn_Anderson,Q17505047,female,0,,2014.0
Scientist,Rozetta_Zhilina,Q39040082,female,70,,2018.0
Scientist,Ruan_Xueyu,Q9029234,male,86,,2019.0
Scientist,Rubber's_Lover,Q7375789,,0,,2006.0
Scientist,Rubby_Sherr,Q14623211,male,100,,2013.0
Scientist,Ruben_Kuzniecky,Q7375980,male,67,,2005.0
Scientist,Ruben_Mirzakhanyan,Q4295605,male,0,,2017.0
Scientist,Ruben_Safrastyan,Q16398489,male,69,,2015.0
Scientist,Rubin_Braunstein,Q63006336,male,102,,2019.0
Scientist,Ruby_Payne-Scott,Q6768943,female,69,,2005.0
Scientist,Ruby_Puryear_Hearn,Q28037390,female,84,,2016.0
Scientist,Ruchika_Prakash,Q113633612,female,0,,2022.0
Scientist,Rudi_Balling,Q122117,male,71,,2008.0
Scientist,Rudi_Cormane,Q56036404,male,62,,2018.0
Scientist,Rudi_Lemberg,Q7376946,male,79,,2007.0
Scientist,Rudi_Schmid,Q57316694,male,85,,2018.0
Scientist,Rudi_Studer,Q92692,male,0,,2006.0
Scientist,Rudolf_Adriaan_Mees,,,0,,
Scientist,Rudolf_Allers,Q3942258,male,80,,2016.0
Scientist,Rudolf_Arnheim,Q213642,male,103,,2004.0
Scientist,Rudolf_Bayer,Q66656,male,85,,2003.0
Scientist,Rudolf_Berlin,Q2172417,male,64,,2013.0
Scientist,Rudolf_Christian_Böttger,Q89185,male,75,,2009.0
Scientist,Rudolf_Chrobak,Q87522,male,181,,2008.0
Scientist,Rudolf_Clausius,Q30693,male,66,,2003.0
Scientist,Rudolf_Criegee,Q90694,male,0,,2005.0
Scientist,Rudolf_Dreikurs,Q214316,male,75,,2004.0
Scientist,Rudolf_E._Kálmán,Q384687,male,86,,2003.0
Scientist,Rudolf_E._Peierls,,,0,,2007.0
Scientist,Rudolf_Ernest_Langer,Q7377177,male,0,,2013.0
Scientist,Rudolf_Felder,Q2627064,male,0,,2007.0
Scientist,Rudolf_Fueter,Q1532992,male,144,,2014.0
Scientist,Rudolf_Geiger,Q77680,male,87,,2005.0
Scientist,Rudolf_Geigy,Q2172716,male,93,,2017.0
Scientist,Rudolf_Graf_Walderdorff,Q59850681,male,0,,2018.0
Scientist,Rudolf_Grewe,,,0,,
Scientist,Rudolf_Grimm,Q88414,male,63,,2005.0
Scientist,Rudolf_Haag,Q91636,male,94,,2005.0
Scientist,Rudolf_Havenstein,Q67041,male,66,,2008.0
Scientist,Rudolf_Hoernes,Q84689,male,62,,2004.0
Scientist,Rudolf_Hoppe,Q96851,male,92,,2008.0
Scientist,Rudolf_Hugo_Nietzki,,,0,,2015.0
Scientist,Rudolf_Jaenisch,Q90073,male,82,,2006.0
Scientist,Rudolf_Jaffé,Q1766071,male,139,,2015.0
Scientist,Rudolf_Jakob_Camerarius,Q61297,male,0,,2004.0
Scientist,Rudolf_K._Allemann,Q7377223,male,0,,2012.0
Scientist,Rudolf_Kalman,,,0,,2008.0
Scientist,Rudolf_Kner,Q78779,male,214,,2012.0
Scientist,Rudolf_Kochendörffer,Q2173193,male,69,,2017.0
Scientist,Rudolf_Kompfner,Q94031,male,68,,2006.0
Scientist,Rudolf_Ladenburg,Q87502,male,0,,2008.0
Scientist,Rudolf_Leuckart,Q55064784,male,76,,2007.0
Scientist,Rudolf_Leuckart_(chemist),Q90391,male,35,,2008.0
Scientist,Rudolf_Lipschitz,Q77322,male,71,,2003.0
Scientist,Rudolf_Ludwig_Meyer-Dür,Q22018971,male,0,,2015.0
Scientist,Rudolf_Magnus,Q1323640,male,54,,2006.0
Scientist,Rudolf_Marloth,Q7377264,male,169,,2006.0
Scientist,Rudolf_Meidner,Q77975,male,91,,2005.0
Scientist,Rudolf_Mentzel,Q98728,male,87,,2008.0
Scientist,Rudolf_Muradyan,Q20508985,male,0,,2017.0
Scientist,Rudolf_Mössbauer,Q44286,male,82,,2003.0
Scientist,Rudolf_Ortvay,,,0,,
Scientist,Rudolf_P._Botha,Q55947388,male,0,,2022.0
Scientist,Rudolf_Peierls,Q61735,male,117,,2004.0
Scientist,Rudolf_Petr,,,0,,
Scientist,Rudolf_Pfeiffer,Q112345,male,90,,2011.0
Scientist,Rudolf_Pummerer,,,0,,
Scientist,Rudolf_Püngeler,Q110751,male,0,,2008.0
Scientist,Rudolf_Raff,Q7377291,male,78,,2011.0
Scientist,Rudolf_Ruedemann,Q7377302,male,0,,2006.0
Scientist,Rudolf_Schenck,,,0,,
Scientist,Rudolf_Schlechter,Q62278,male,53,,2003.0
Scientist,Rudolf_Schmitt,Q97071,male,68,,2008.0
Scientist,Rudolf_Schulten,Q92414,male,73,,2004.0
Scientist,Rudolf_Seeliger,Q95669,male,0,,2005.0
Scientist,Rudolf_Seiler,,,0,,
Scientist,Rudolf_Signer,Q116800,male,87,,2005.0
Scientist,Rudolf_Stahlecker,Q95658,male,79,,2011.0
Scientist,Rudolf_Tancré,Q11891321,male,0,,2018.0
Scientist,Rudolf_Trümpy,Q125099,male,88,,2004.0
Scientist,Rudolf_Uher,Q43273047,male,0,,2020.0
Scientist,Rudolf_Vimer,Q1567391,male,70,,2015.0
Scientist,Rudolf_Virchow,Q76432,male,81,,2002.0
Scientist,Rudolf_Wagner,Q65860,male,59,,2005.0
Scientist,Rudolf_Wegscheider,Q89291,male,76,,2007.0
Scientist,Rudolf_Weigl,Q577522,male,74,,2004.0
Scientist,Rudolf_Wolf,Q115675,male,208,,2005.0
Scientist,Rudolf_Zahradník,Q7377365,male,92,,2005.0
Scientist,Rudolf_van_Eecke,Q3446759,male,0,,2007.0
Scientist,Rudolf_von_Jaksch,Q94366,male,92,,2009.0
Scientist,Rudolf_von_Roth,Q67420,male,0,,2008.0
Scientist,Rudolph_A._Marcus,Q239067,male,101,,2004.0
Scientist,Rudolph_Bergh,Q3090761,male,85,,2008.0
Scientist,Rudolph_Cleveringa,Q1974051,male,86,,2012.0
Scientist,Rudolph_Fittig,,,0,,2007.0
Scientist,Rudolph_Glossop,Q2174418,male,91,,2011.0
Scientist,Rudolph_Henzi,Q12374271,male,230,,2018.0
Scientist,Rudolph_Koenig,Q77279,male,69,,2003.0
Scientist,Rudolph_Leibel,Q7377432,male,0,,2013.0
Scientist,Rudolph_Matas,Q13448520,male,97,,2007.0
Scientist,Rudolph_Minkowski,Q213664,male,81,,2004.0
Scientist,Rudolph_Nissen,Q103902,male,85,,2013.0
Scientist,Rudolph_Pariser,Q737365,male,101,,2002.0
Scientist,Rudolph_Peters,Q7377447,male,93,,2006.0
Scientist,Rudolph_Schoenheimer,Q74901,male,126,,2004.0
Scientist,Rudolph_Snellius,Q505004,male,67,,2007.0
Scientist,Rudolph_Wagner,,,0,,2005.0
Scientist,Rudra_Pratap,Q7377499,male,0,,2008.0
Scientist,Rudy_Horne,Q12896406,male,0,,2018.0
Scientist,Rudy_Wijnands,Q59360227,male,0,,2018.0
Scientist,Rudyerd_Boulton,Q16658246,male,82,,2016.0
Scientist,Ruedi_Aebersold,Q7377799,male,70,,2006.0
Scientist,Rufus_Bowen,Q2174764,male,31,,2009.0
Scientist,Rufus_Carrollton_Harris,Q7378013,male,92,,2009.0
Scientist,Rufus_Isaacs_(game_theorist),Q568585,male,110,,2007.0
Scientist,Rufus_Pollock,Q7378086,male,0,,2010.0
Scientist,Ruggero_Ceppellini,Q3942499,male,0,,2013.0
Scientist,Ruggero_Oddi,Q2065874,male,156,,2007.0
Scientist,Ruggero_Santilli,Q1144634,male,89,,2007.0
Scientist,Ruggero_Tomaselli,Q5402066,male,62,,2021.0
Scientist,Rui_Americo,,,0,,
Scientist,Rui_Diogo,Q51846838,male,0,,2019.0
Scientist,Rui_L._Reis,Q26856925,male,57,,2013.0
Scientist,Rui_Loja_Fernandes,Q30143482,male,59,,2017.0
Scientist,Rui_Penha,Q7378723,male,43,,2011.0
Scientist,Rui_de_Figueiredo,Q7378734,male,84,,2010.0
Scientist,Ruiming_Zhang,,,0,,
Scientist,Ruiwen_Zhang,Q29887890,male,0,,2017.0
Scientist,Rukmani_Gounder,Q56394630,female,0,,2018.0
Scientist,Rukmini_Bhaya_Nair,Q7378876,female,0,,2007.0
Scientist,Ruksana_Osman,Q48699455,female,0,,2018.0
Scientist,Rulan_Chao_Pian,Q9182246,female,91,,2014.0
Scientist,Ruma_Banerjee,Q57535162,female,0,,2018.0
Scientist,Rumi_Chunara,Q91869312,female,0,,2021.0
Scientist,Rumi_Nakamura,Q53153266,female,0,,2019.0
Scientist,Rumman_Chowdhury,Q41241224,female,0,,2018.0
Scientist,Runa_Mackay,Q106302553,female,99,,2021.0
Scientist,Runar_Collander,Q16169161,male,79,,2020.0
Scientist,Rupal_Patel_(scientist),Q23713556,female,0,,2021.0
Scientist,Rupamanjari_Ghosh,Q19664590,female,0,,2014.0
Scientist,Rupert_Charles_Barneby,Q929691,male,89,,2007.0
Scientist,Rupert_E._Billingham,Q7380279,male,81,,2006.0
Scientist,Rupert_Emerson,Q7380281,male,0,,2006.0
Scientist,Rupert_Frank,,,0,,
Scientist,Rupert_Miller,,,0,,
Scientist,Rupert_Myers,Q7380335,male,98,,2008.0
Scientist,Rupert_Wildt,Q62808,male,71,,2005.0
Scientist,Ruqaiya_Hasan,Q7380454,female,84,,2011.0
Scientist,Rushdi_Said,Q3296944,male,93,,2009.0
Scientist,Ruslan_Medzhitov,Q517459,male,58,,2011.0
Scientist,Ruslan_Mitkov,Q55956038,male,0,,2018.0
Scientist,Ruslan_Salakhutdinov_(computer_science),,,0,,
Scientist,Ruslan_Smelyansky,Q19909279,male,74,,2018.0
Scientist,Ruslan_Stratonovich,Q4443437,male,67,,2006.0
Scientist,Russ_Altman,Q7381092,male,0,,2007.0
Scientist,Russ_Salakhutdinov__Ruslan_Russ_Salakhutdinov__1,,,0,,
Scientist,Russel_B._Nye,Q7381271,male,80,,2009.0
Scientist,Russel_D._Dupuis,Q7381274,male,0,,2023.0
Scientist,Russel_E._Caflisch,Q17198672,male,70,,2014.0
Scientist,Russel_J._Reiter,Q89645924,male,0,,2022.0
Scientist,Russell_Alan_Hulse,Q156286,male,74,,2004.0
Scientist,"Russell_Brain,_1st_Baron_Brain",Q3453442,male,71,,2005.0
Scientist,"Russell_Brock,_Baron_Brock",Q2176907,male,77,,2008.0
Scientist,Russell_Chittenden,,,0,,2007.0
Scientist,Russell_Ciochon,Q7381416,male,0,,2006.0
Scientist,Russell_E._Morris,Q7381697,male,57,,2016.0
Scientist,Russell_Euler,,,0,,
Scientist,Russell_Foster,Q7381511,male,65,,2009.0
Scientist,Russell_Greiner,Q22278023,male,0,,2015.0
Scientist,Russell_H._Bostert,,,0,,
Scientist,Russell_H._Fazio,Q2176920,male,72,,2008.0
Scientist,Russell_Henry_Chittenden,Q3453468,male,87,,2005.0
Scientist,Russell_Impagliazzo,Q7381584,male,0,,2005.0
Scientist,Russell_J._Donnelly,Q2798832,male,85,,2013.0
Scientist,Russell_J._Howard,Q7381592,male,0,,2012.0
Scientist,Russell_Kulsrud,Q1478119,male,96,,2020.0
Scientist,Russell_L._Ackoff,Q1431186,male,90,,2004.0
Scientist,Russell_L._Jones,Q101553967,male,0,,2019.0
Scientist,Russell_L._Mixter,Q7381631,male,101,,2009.0
Scientist,Russell_Lande,Q7381637,male,0,,2009.0
Scientist,Russell_Lehman,,,0,,
Scientist,Russell_Lindsay_Barrett,Q18982878,male,0,,2020.0
Scientist,Russell_M._Pitzer,Q7381662,male,0,,2007.0
Scientist,Russell_Mittermeier,Q1644228,male,75,,2005.0
Scientist,Russell_Ohl,Q1144183,male,89,,2005.0
Scientist,Russell_Poldrack,Q22279699,male,57,,2016.0
Scientist,Russell_Pysklywec,Q63323057,male,54,,2019.0
Scientist,Russell_Reid,Q7381742,male,0,,2004.0
Scientist,Russell_S._Drago,Q29519785,male,69,,2017.0
Scientist,Russell_Skiba,Q29789704,male,0,,2017.0
Scientist,Russell_Tuttle,Q3453502,male,85,,2005.0
Scientist,Russell_W._Kruse,Q7381847,male,85,,2007.0
Scientist,Russell_and_Sigurd_Varian,Q7381888,,61,,2010.0
Scientist,Rustem_Akhunov,Q61723835,male,46,,2019.0
Scientist,Rusty_Roberts,Q7382640,male,0,,2011.0
Scientist,Rutger_Sernander,Q919826,male,158,,2012.0
Scientist,Ruth_A._Kleinerman,Q43085998,female,0,,2021.0
Scientist,Ruth_A._M._Schmidt,Q21777237,female,98,,2015.0
Scientist,Ruth_Arnon,Q7431,female,91,,2006.0
Scientist,Ruth_Aylett,Q7382878,female,0,,2004.0
Scientist,Ruth_Behar,Q1699866,female,0,,2005.0
Scientist,Ruth_Bishop,Q5397741,female,89,,2008.0
Scientist,Ruth_Blake,Q87513035,female,0,,2020.0
Scientist,Ruth_Boynton,Q16008149,female,0,,2013.0
Scientist,Ruth_Bunzel,Q16012386,female,92,,2014.0
Scientist,Ruth_C._Silva,Q100701353,female,-29,,2020.0
Scientist,Ruth_Cameron_(scientist),Q55076686,female,0,,2018.0
Scientist,Ruth_Charney,Q18719167,female,0,,2014.0
Scientist,Ruth_Chiquet-Ehrismann,Q23855411,female,0,,2015.0
Scientist,Ruth_Dayhoff,Q16151686,female,0,,2014.0
Scientist,Ruth_DeFries,Q7382944,female,68,,2008.0
Scientist,Ruth_Dixon_Turner,,,0,,2009.0
Scientist,Ruth_Doggett_Terzaghi,Q27909584,female,89,,2016.0
Scientist,Ruth_Durrer,Q21264594,female,0,,2019.0
Scientist,Ruth_Ella_Moore,Q7382967,female,91,,2007.0
Scientist,Ruth_Empson,Q38329092,female,0,,2019.0
Scientist,Ruth_Etzioni,Q95601788,female,0,,2022.0
Scientist,Ruth_Fincher,Q17509076,female,73,,2014.0
Scientist,Ruth_Fitzgerald,Q65561385,female,0,,2019.0
Scientist,Ruth_Fowler_Edwards,Q15989761,female,0,,2014.0
Scientist,Ruth_Frankenberg,Q22443210,female,50,,2017.0
Scientist,Ruth_G._King,Q61731720,female,91,,2019.0
Scientist,Ruth_Gates,Q57947960,female,56,,2018.0
Scientist,Ruth_Geyer_Shaw,Q29107335,female,0,,2017.0
Scientist,Ruth_Gregory,Q15994469,female,0,,2014.0
Scientist,Ruth_Grützbauch,Q58484148,female,46,,2022.0
Scientist,Ruth_Haas,Q47535932,female,0,,2018.0
Scientist,Ruth_Hall_(scientist),Q17517101,female,79,,2014.0
Scientist,Ruth_Harris_(scientist),Q108607727,,0,,2021.0
Scientist,Ruth_Hubbard,Q4795027,female,92,,2007.0
Scientist,Ruth_I._Michler,Q61043077,female,33,,2019.0
Scientist,Ruth_J._Williams,Q18706113,female,0,,2014.0
Scientist,Ruth_Jackson,Q7383051,female,92,,2010.0
Scientist,Ruth_Jeannette_Williams,,,0,,2014.0
Scientist,Ruth_Kanfer,Q27986271,female,0,,2016.0
Scientist,Ruth_Kempson,Q44205475,female,80,,2017.0
Scientist,Ruth_King_(statistician),Q64414789,female,0,,2019.0
Scientist,Ruth_L._Kirschstein,Q4793917,female,83,,2009.0
Scientist,Ruth_Lawrence,Q450409,female,53,,2004.0
Scientist,Ruth_Lawson,Q104178584,,-34,,2020.0
Scientist,Ruth_Lehmann,Q23816854,female,0,,2016.0
Scientist,Ruth_Lubic,Q7383089,female,97,,2010.0
Scientist,Ruth_Lynden-Bell,Q7383091,female,87,,2008.0
Scientist,Ruth_Lyttle_Satter,Q7383095,female,66,,2012.0
Scientist,Ruth_M._J._Byrne,Q7383097,female,62,,2006.0
Scientist,Ruth_M._Leverton,Q7383101,female,74,,2010.0
Scientist,Ruth_Mandel,Q88020421,female,82,,2020.0
Scientist,Ruth_March,Q110414397,female,0,,2022.0
Scientist,Ruth_Margaret_Williams,Q87656203,female,0,,2020.0
Scientist,Ruth_Margery_Addoms,Q23683449,female,0,,2024.0
Scientist,Ruth_Misener,Q47501291,female,0,,2018.0
Scientist,Ruth_Morris_Bakwin,Q16011355,female,-39,,2012.0
Scientist,Ruth_Mottram,Q77319807,female,46,,2022.0
Scientist,Ruth_Moufang,Q91649,female,72,,2005.0
Scientist,Ruth_Murray-Clay,Q24851695,female,0,,2016.0
Scientist,Ruth_Nicholson,Q62284610,female,79,,2019.0
Scientist,Ruth_Nussinov,Q7383152,female,0,,2013.0
Scientist,Ruth_Patrick,Q513586,female,106,,2005.0
Scientist,Ruth_Peterson,Q24572448,female,0,,2016.0
Scientist,Ruth_Pfeiffer,Q90909936,female,0,,2022.0
Scientist,Ruth_Pirret,Q42291647,female,65,,2017.0
Scientist,Ruth_Plummer,Q61998362,female,0,,2019.0
Scientist,Ruth_R._Benerito,Q7440,female,97,,2007.0
Scientist,Ruth_R._Wexler,Q59005453,female,0,,2018.0
Scientist,Ruth_Rayman,Q114698693,female,0,,2022.0
Scientist,Ruth_Sager,Q3453641,female,79,,2006.0
Scientist,Ruth_Sanger,Q7383204,female,106,,2012.0
Scientist,Ruth_Sawtell_Wallis,Q7383203,female,83,,2012.0
Scientist,Ruth_Smith_Lloyd,Q23035374,female,78,,2016.0
Scientist,Ruth_Strang,Q20715046,female,0,,2015.0
Scientist,Ruth_Turner,Q4795288,female,86,,2005.0
Scientist,Ruth_Van_de_Water,Q33125090,female,0,,2017.0
Scientist,Ruth_Wais,,,0,,
Scientist,Ruth_Wedgwood,Q3182474,female,0,,2006.0
Scientist,Ruth_Wheeler,Q46996321,female,147,,2019.0
Scientist,Ruth_Wodak,Q88734,female,74,,2008.0
Scientist,Ruth_deForest_Lamb,Q98399107,female,-46,,2020.0
Scientist,Rutherford_Aris,Q7383322,male,76,,2008.0
Scientist,Rutledge_Dennis,Q55386767,male,85,,2018.0
Scientist,Rutu_Mulkar,,,0,,
Scientist,Ruud_Kleinpaste,Q1411044,male,72,,2006.0
Scientist,Ruxandra_Botez,Q85102779,female,0,,2021.0
Scientist,Ruxandra_Sireteanu,Q12739668,female,63,,2021.0
Scientist,Ruy_Exel_Filho,,,0,,
Scientist,Ruzena_Bajcsy,Q10959,female,91,,2009.0
Scientist,Ryan_C._Amacher,Q28853802,male,70,,2017.0
Scientist,Ryan_C._Bailey,Q18684441,male,0,,2014.0
Scientist,Ryan_D'Arcy,Q24191059,male,0,,2016.0
Scientist,Ryan_Donnelly_(pharmaceutical_scientist),Q55313481,male,0,,2018.0
Scientist,Ryan_Eberhart,,,0,,
Scientist,Ryan_Hayward,,,0,,
Scientist,Ryan_Julian,Q63229832,male,0,,2019.0
Scientist,Ryan_Pepper,,,0,,
Scientist,Ryan_S._Baker,Q30118376,male,0,,2017.0
Scientist,Ryan_Williams_(computer_scientist),Q7384647,male,0,,2010.0
Scientist,Ryogo_Kubo,Q1389378,male,75,,2005.0
Scientist,Ryoichi_Takahashi,Q16003055,male,0,,2013.0
Scientist,Ryoji_Noyori,,,0,,2009.0
Scientist,Ryong_Ryoo,,,0,,2014.0
Scientist,Ryoo_Ryong,Q7385309,male,0,,2011.0
Scientist,Ryszard_Gryglewski,Q7385394,male,92,,2004.0
Scientist,Ryszard_Horodecki,Q11835447,male,81,,2014.0
Scientist,Ryszard_S._Michalski,Q9324841,male,87,,2014.0
Scientist,Ryszard_Syski,Q7385419,male,83,,2007.0
Scientist,Ryszard_Słomski,Q18670230,male,0,,2014.0
Scientist,Ryuta_Kawashima,Q946438,male,65,,2006.0
Scientist,Ryuzo_Yanagimachi,Q7385560,male,96,,2005.0
Scientist,Ryōhei_Oda,,,0,,
Scientist,Ryōji_Noyori,Q157210,male,86,,2002.0
Scientist,Ryōkichi_Yatabe,Q1515363,male,173,,2019.0
Scientist,Réjane_Sénac,Q34367750,female,0,,2020.0
Scientist,Réka_Albert,Q7386116,female,52,,2008.0
Scientist,Rémi_Després,Q3456013,male,81,,2011.0
Scientist,Rémi_Taffin,Q21427873,male,49,,2021.0
Scientist,Rémy_Perrier,Q2178760,male,163,,2012.0
Scientist,Róbert_Lovas,Q7386488,male,0,,2010.0
Scientist,Róisín_Owens,Q41818168,female,0,,2018.0
Scientist,Rónadh_Cox,Q57416878,female,0,,2021.0
Scientist,Róża_Maria_Goździewska,Q106436969,female,53,,2021.0
Scientist,Rüdiger_Dillmann,Q29455407,male,0,,2017.0
Scientist,Rüdiger_Fahlenbrach,Q103811222,male,0,,2021.0
Scientist,Rüdiger_Klein,Q108286,male,0,,2008.0
Scientist,Rüdiger_Wolfrum,Q97261,male,0,,2008.0
Scientist,Rütger_Wever,Q7386780,male,-14,,2011.0
Scientist,S-bot_mobile_robot,Q7387095,,0,,2004.0
Scientist,S-duality,Q21263958,,0,,2004.0
Scientist,S.C._Huang,,,0,,
Scientist,S.M._Ullah,,,0,,2020.0
Scientist,S.R._de_Groot,,,0,,
Scientist,S._A._Achmanov,,,0,,
Scientist,S._A._Choudum,Q7387330,male,0,,2008.0
Scientist,S._A._Hussain,Q7387337,male,65,,2010.0
Scientist,S._A._von_Rottemburg,Q67823,male,0,,2006.0
Scientist,S._Alexandra_Burt,Q55238037,female,0,,2018.0
Scientist,S._Arend,,,0,,2005.0
Scientist,S._B._Rao,Q7387381,male,0,,2008.0
Scientist,S._Barry_Cooper,Q7387391,male,72,,2006.0
Scientist,S._Beljavskij,,,0,,2004.0
Scientist,S._Belyavskij,,,0,,2009.0
Scientist,S._Burt_Wolbach,,,0,,2012.0
Scientist,S._C._Dutta_Roy,Q28363958,male,87,,2017.0
Scientist,S._C._Jain,Q29308633,male,83,,2017.0
Scientist,S._D._Benecchi,,,0,,
Scientist,S._Donald_Stookey,Q3943362,male,99,,2006.0
Scientist,S._Donna_Geernaert,Q7387450,female,0,,2011.0
Scientist,S._Francis_Boys,,,0,,2022.0
Scientist,S._G._Dani,Q7387480,male,0,,2011.0
Scientist,S._Ganesh,Q47452992,male,56,,2018.0
Scientist,S._George_Philander,Q31200970,male,0,,2020.0
Scientist,S._Ichtiaque_Rasool,Q106516768,male,-8,,2021.0
Scientist,S._J._Bus,,,0,,2004.0
Scientist,S._Jack_Hu,Q20062504,male,0,,2017.0
Scientist,S._K._Satheesh,Q28151684,male,54,,2017.0
Scientist,S._K._Shivakumar,Q7387591,male,-5,,2008.0
Scientist,S._Laurel_Weldon,Q79803578,female,0,,2019.0
Scientist,S._Lawrence_Zipursky,Q21097906,male,69,,2017.0
Scientist,S._M._Ullah,Q7387233,male,0,,2012.0
Scientist,S._McKee,,,0,,
Scientist,S._Morris,,,0,,
Scientist,S._Murty_Srinivasula,Q95695908,male,0,,2020.0
Scientist,S._Muthukrishnan_(computer_scientist),Q110866821,,0,,2022.0
Scientist,S._N._D._North,Q16004145,male,0,,2013.0
Scientist,S._N._Karbelkar,,,0,,
Scientist,S._N._Seshadri,Q28325092,male,49,,2017.0
Scientist,S._Okada,,,0,,
Scientist,S._P._L._Sørensen,Q319325,male,71,,2002.0
Scientist,S._P._Sudrania,Q7387754,male,86,,2010.0
Scientist,S._Pancharatnam,Q1760743,male,35,,2007.0
Scientist,S._Pasupathy.,,,0,,
Scientist,S._Patricia_Becerra,Q90054316,female,0,,2020.0
Scientist,S._Peter_Rosen,Q22908381,male,73,,2015.0
Scientist,S._R._Ramaswamy,Q15428920,male,87,,2013.0
Scientist,S._R._Srinivasa_Varadhan,Q370247,male,84,,2007.0
Scientist,S._Ramanan,Q7387808,male,87,,2009.0
Scientist,S._Ramaseshan,Q7387811,male,80,,2009.0
Scientist,S._Rangachari,Q7387818,male,52,,2012.0
Scientist,S._Rao_Kosaraju,Q7387824,male,0,,2006.0
Scientist,S._Ravikumar,,,0,,
Scientist,S._S._Abhyankar,,,0,,2012.0
Scientist,S._S._Badrinath,Q7387843,male,84,,2009.0
Scientist,S._S._Shrikhande,,,0,,2008.0
Scientist,S._Shankar_Sastry,,,0,,2019.0
Scientist,S._Simon_Wong,Q70395596,male,0,,2019.0
Scientist,S._Sreedhar,,,0,,
Scientist,S._Stillman_Berry,Q3471232,male,97,,2004.0
Scientist,S._Suresh_Babu,Q43010347,male,48,,2017.0
Scientist,S._T._Satyamurthi,Q7387940,male,0,,2012.0
Scientist,S._Ueda,,,0,,2004.0
Scientist,S._V._C._Aiya,Q107684221,male,81,,2021.0
Scientist,SONG_Chaolong,,,0,,
Scientist,S_Katharine_Hammond,Q58150034,female,0,,2020.0
Scientist,Saadia_Zahidi,Q28972985,female,0,,2017.0
Scientist,Saba_Mahmood,Q7395784,female,63,,2006.0
Scientist,Saba_Valadkhan,Q4795299,female,0,,2005.0
Scientist,Sabeeha_Merchant,Q32824142,female,65,,2019.0
Scientist,Sabeth_Verpoorte,Q58783983,female,0,,2018.0
Scientist,Sabiha_Kasimati,Q9332564,female,39,,2011.0
Scientist,Sabin_Manuilă,Q12740294,male,70,,2015.0
Scientist,Sabina_Brennan,Q80843671,female,0,,2020.0
Scientist,Sabina_Jeschke,Q11689,female,56,,2012.0
Scientist,Sabina_Leonelli,Q42617171,female,0,,2020.0
Scientist,Sabina_Spielrein,Q232336,female,57,,2005.0
Scientist,Sabine_Bahn,Q65052449,female,0,,2019.0
Scientist,Sabine_Gaudzinski-Windheuser,Q2209718,female,59,,2012.0
Scientist,Sabine_Hark,Q107601,female,62,,2005.0
Scientist,Sabine_Hauert,Q57978008,female,0,,2018.0
Scientist,Sabine_Hossenfelder,Q21264604,female,0,,2018.0
Scientist,Sabine_Oberhauser,Q2209835,female,54,,2017.0
Scientist,Sabine_Piller,Q59604603,female,54,,2018.0
Scientist,Sabine_Werner,Q1320488,female,64,,2021.0
Scientist,Sabino_Matarrese,,,0,,
Scientist,Sabir_Gusein-Zade,Q4152755,male,0,,2015.0
Scientist,Sabra_Klein,Q89105820,female,0,,2020.0
Scientist,Sabri_Ergun,Q16017385,male,88,,2009.0
Scientist,Sabrina_Cohen-Hatton,Q69158102,female,0,,2019.0
Scientist,Sabrina_Gonzalez_Pasterski,Q22092846,female,31,,2016.0
Scientist,Sabrina_Stierwalt,Q59674497,female,0,,2018.0
Scientist,Sabrina_Thompson,Q115287532,female,39,,2013.0
Scientist,Sabuncuoğlu_Şerafeddin,Q3307760,male,0,,2007.0
Scientist,Sabyasachi_Sarkar,Q23682455,male,77,,2016.0
Scientist,Sachchida_Nand_Tripathi,Q18217941,male,53,,2014.0
Scientist,Sachi_Sri_Kantha,Q16185566,male,71,,2014.0
Scientist,Sachin_Gautam,,,0,,
Scientist,Sadaf_Farooqi,Q28528161,female,0,,2017.0
Scientist,Sadamichi_Maekawa,Q29528807,male,78,,2017.0
Scientist,Sadao_Asada,,,0,,
Scientist,Sadao_Kurohashi,,,0,,
Scientist,Sadao_Takagi,Q15520497,male,0,,2014.0
Scientist,Saddek_Rabah,Q7397675,male,58,,2012.0
Scientist,Sadegh_Zibakalam,Q5960943,male,76,,2013.0
Scientist,Sadhan_Basu,Q27786474,male,70,,2016.0
Scientist,Sadhan_Kumar_Adhikari,Q29346433,male,76,,2017.0
Scientist,Sadiq_Tagiyev,Q55203907,male,65,,2018.0
Scientist,Sadulla_Karjiker,Q74405958,male,54,,2019.0
Scientist,Sadun_Aren,Q6071858,male,86,,2021.0
Scientist,Saeid_Abbasbandy,Q7398270,male,57,,2012.0
Scientist,Saeid_Eslamian,Q16194048,male,0,,2013.0
Scientist,Safdar_Kiyani,Q7398425,male,60,,2008.0
Scientist,Safety_of_high-energy_particle_collision_experiments,Q2060691,,0,,2008.0
Scientist,Saffa_Riffat,Q27063721,male,70,,2016.0
Scientist,Safiye_Ali,Q7398816,female,58,,2010.0
Scientist,Sagar_Sengupta,Q47545732,male,56,,2018.0
Scientist,Sahachiro_Hata,Q901110,male,65,,2006.0
Scientist,Sahar_Saleem,Q84566885,female,0,,2020.0
Scientist,Saharon_Shelah,Q448592,male,79,,2003.0
Scientist,Sahib_Singh_Sokhey,Q7399608,male,84,,2012.0
Scientist,Sahika_Inal,Q57030727,female,0,,2022.0
Scientist,Sahotra_Sarkar,Q7399715,male,0,,2008.0
Scientist,Saibaba_Goud,Q7399850,male,0,,2008.0
Scientist,Saibal_Chattopadhyay,Q7399852,male,0,,2010.0
Scientist,Saidur_Rahman_(professor),Q55632347,male,58,,2018.0
Scientist,Saiful_Islam_(chemist),Q15994532,male,61,,2014.0
Scientist,Sajal_K._Das,Q56553023,,0,,2012.0
Scientist,Sajal_K._Das,Q7402604,male,0,,2012.0
Scientist,Sakari_Orava,Q7402832,male,79,,2010.0
Scientist,Sakti_Ghosh,,,0,,
Scientist,Sakuhei_Fujiwhara,Q1059342,male,66,,2008.0
Scientist,Sakura_Pascarelli,Q58462373,female,0,,2020.0
Scientist,Sakura_Schafer-Nameki,Q97477590,female,0,,2020.0
Scientist,Sala_Senkayi,Q60169391,female,0,,2018.0
Scientist,Salahaddin_Khalilov,Q983403,male,0,,2011.0
Scientist,Salaria_Kea,Q10366942,female,73,,2013.0
Scientist,Saleem_Abdulrauf,Q16156255,male,0,,2013.0
Scientist,Saleem_Ali_(academic),Q7403835,male,0,,2006.0
Scientist,Saleem_Bhatti,Q107618555,male,0,,2021.0
Scientist,Salih_Neftçi,Q12811662,male,62,,2009.0
Scientist,Salil_Vadhan,Q7404539,male,0,,2009.0
Scientist,Salim_Abdool_Karim,Q18161438,male,64,,2014.0
Scientist,Salim_Ali,Q2904990,male,91,,2004.0
Scientist,Salim_Mehmud,Q7404574,male,0,,2009.0
Scientist,Salim_Yusuf,Q2214381,male,72,,2014.0
Scientist,Salima_Ikram,Q433814,female,59,,2006.0
Scientist,Salimuzzaman_Siddiqui,Q3696065,male,97,,2006.0
Scientist,Salinee_Tavaranan,Q28018643,female,0,,2016.0
Scientist,Salleh_Mohd_Nor,Q101115717,male,84,,2020.0
Scientist,Sallie_Baliunas,Q7404989,female,71,,2003.0
Scientist,Sallie_Lamb,Q55819184,female,0,,2018.0
Scientist,Sallie_W._Chisholm,Q4794852,female,0,,2006.0
Scientist,Sally-Ann_Poulsen,Q28321865,female,0,,2021.0
Scientist,SallyAnn_Harbison,Q104591812,female,0,,2022.0
Scientist,Sally_Abston,Q109300717,female,74,,2021.0
Scientist,Sally_Archibald,Q56334022,female,0,,2019.0
Scientist,Sally_Brooker,Q41817687,female,0,,2018.0
Scientist,Sally_Casswell,Q65584890,female,0,,2019.0
Scientist,Sally_Davenport,Q65586569,female,0,,2019.0
Scientist,Sally_Dawson,Q41701826,female,0,,2018.0
Scientist,Sally_Fincher,Q64829643,female,0,,2021.0
Scientist,Sally_Floyd,Q7541,female,69,,2010.0
Scientist,Sally_Goold,Q48698766,female,0,,2017.0
Scientist,Sally_Haydon,Q16453322,female,55,,2014.0
Scientist,Sally_Hines,Q63184435,female,57,,2022.0
Scientist,Sally_Hoyt_Spofford,Q62021749,female,88,,2019.0
Scientist,Sally_J._Rogers,Q25350063,female,0,,2016.0
Scientist,Sally_J._Rogers__Sally_J._Rogers__1,,,0,,
Scientist,Sally_Kuhn_Sennert,Q56223030,female,0,,2018.0
Scientist,Sally_McArthur,Q42427150,female,0,,2022.0
Scientist,Sally_McBrearty,Q55264798,female,0,,2018.0
Scientist,Sally_McCormick,Q56485696,female,0,,2018.0
Scientist,Sally_Merry,Q42371946,female,0,,2018.0
Scientist,Sally_P._Horn,Q7405249,female,0,,2009.0
Scientist,Sally_Poppitt,Q47168330,female,0,,2018.0
Scientist,Sally_Price_(chemist),Q30010648,female,0,,2017.0
Scientist,Sally_Rockey,Q19665645,female,66,,2015.0
Scientist,Sally_Shaywitz,Q25884184,female,0,,2020.0
Scientist,Sally_Shlaer,Q4815976,female,60,,2012.0
Scientist,Sally_T._Reynolds,Q6117374,female,0,,2020.0
Scientist,Sally_Temple,Q7405313,female,0,,2009.0
Scientist,Sally_Wyatt,Q19668652,female,65,,2015.0
Scientist,Salma_Malik,Q7405363,female,0,,2009.0
Scientist,Salman_A._Avestimehr,Q73161867,male,0,,2019.0
Scientist,Salman_Mumtaz,Q4307055,male,140,,2014.0
Scientist,Salome_Gluecksohn-Waelsch,Q122065,female,100,,2006.0
Scientist,Salome_Maswime,Q56144243,female,0,,2018.0
Scientist,Salomon_Alberti,Q108815,male,0,,2020.0
Scientist,Salomon_Bochner,Q215967,male,83,,2004.0
Scientist,Salomon_Eduard_Gubler,Q37732861,male,76,,2017.0
Scientist,Salomon_Stricker,Q84573,male,0,,2006.0
Scientist,Salvador_Luria,Q205667,male,79,,2003.0
Scientist,Salvador_Mazza,Q613828,male,60,,2009.0
Scientist,Salvador_Minuchin,Q1368664,male,96,,2005.0
Scientist,Salvador_Moncada,Q901998,male,80,,2005.0
Scientist,Salvador_Rizo,Q27786423,male,-208,,2016.0
Scientist,Salvador_del_Mundo_(chemist),Q43277880,male,43,,2017.0
Scientist,Salvatore_Babones,Q22102114,male,55,,2016.0
Scientist,Salvatore_Calabrese,Q22338384,male,70,,2016.0
Scientist,Salvatore_Pincherle,Q574624,male,171,,2007.0
Scientist,Salvatore_Stella,,,0,,
Scientist,Salvatore_Torquato,Q7406697,male,0,,2013.0
Scientist,Saly_Ruth_Ramler,Q58305083,female,130,,2018.0
Scientist,Sam_Ade_Jacobs,,,0,,
Scientist,Sam_Adjei,Q42297060,male,68,,2017.0
Scientist,Sam_Allgood,Q102721880,male,0,,2022.0
Scientist,Sam_Aronson,Q28408363,male,0,,2017.0
Scientist,Sam_Edwards_(physicist),Q472382,male,87,,2004.0
Scientist,Sam_Eyde,Q923364,male,74,,2005.0
Scientist,Sam_Gandy,Q7407494,male,0,,2009.0
Scientist,Sam_Gellman,,,0,,
Scientist,Sam_Giles,Q21395504,female,0,,2018.0
Scientist,Sam_Glucksberg,Q16800929,male,89,,2014.0
Scientist,Sam_Granick,Q7407539,male,68,,2009.0
Scientist,Sam_Hay_(chemist),Q42059685,male,0,,2020.0
Scientist,Sam_Higginbottom,Q7407599,male,84,,2008.0
Scientist,Sam_Mbulaiteye,Q57897111,male,0,,2022.0
Scientist,Sam_Parnia,Q84039,male,0,,2012.0
Scientist,Sam_Ruben,Q1357142,male,30,,2004.0
Scientist,Sam_Schulhofer-Wohl,Q41805029,male,0,,2020.0
Scientist,Sam_Treiman,Q567758,male,0,,2006.0
Scientist,Sam_Vandervelde,Q7408277,male,0,,2007.0
Scientist,Sam_W._Heads,Q7408282,male,41,,2009.0
Scientist,Sam_van_Schaik,Q2156537,male,0,,2011.0
Scientist,Samaneh_Ghods,,,0,,
Scientist,Samantha_A._Brugmann,Q111623822,,0,,2024.0
Scientist,Samantha_George,Q19654862,female,0,,2015.0
Scientist,Samantha_Joye,Q44109154,female,59,,2018.0
Scientist,Samantha_Kleinberg,,,0,,
Scientist,Samar_Mubarakmand,Q7408791,male,82,,2006.0
Scientist,Samara_Reck-Peterson,Q38325223,female,0,,2019.0
Scientist,Samarendra_Kumar_Mitra,Q23084415,male,82,,2016.0
Scientist,Samarendra_Nath_Biswas,Q95682794,male,79,,2020.0
Scientist,Samarendra_Nath_Roy,Q7408818,male,58,,2006.0
Scientist,Samarendra_Roy,,,0,,2007.0
Scientist,Samaresh_Bhattacharya,Q27947731,male,64,,2016.0
Scientist,Samaresh_Mitra,Q27899209,male,84,,2016.0
Scientist,Samaun_Samadikun,Q7408911,male,75,,2008.0
Scientist,Samaya_Nissanke,Q58215495,female,0,,2018.0
Scientist,Samba_Ousemane_Sow,Q108938055,male,60,,2021.0
Scientist,Sambhu_Nath_De,Q7409041,male,70,,2008.0
Scientist,Sambhu_Nath_Ojha,,,0,,
Scientist,Sameera_Moussa,Q4116311,female,35,,2005.0
Scientist,Sameh_El-Saharty,Q16189023,male,0,,2011.0
Scientist,Samer_Hassan,Q57607026,non-binary,0,,2018.0
Scientist,Samer_Hattar,Q19904182,male,0,,2013.0
Scientist,Sami_Ahmed_Khalid,Q71651436,male,0,,2022.0
Scientist,Sami_Solanki,Q120535,male,66,,2007.0
Scientist,Sami_Solanki,Q58098237,,66,,2007.0
Scientist,Samia_Maimani,Q86734302,female,-27,,2022.0
Scientist,Samia_al-Amoudi,Q12215235,female,0,,2013.0
Scientist,Samir_Bishara,Q24175037,male,75,,2016.0
Scientist,Samir_D._Mathur,Q17639097,male,0,,2015.0
Scientist,Samir_Das,Q16728390,male,0,,2013.0
Scientist,Samir_K._Brahmachari,Q7409509,male,72,,2009.0
Scientist,Samir_Khuller,Q16730824,male,0,,2013.0
Scientist,Samir_Kumar_Saha,Q42306696,male,69,,2017.0
Scientist,Samir_Mitragotri,Q7409527,male,53,,2011.0
Scientist,Samir_Okasha,Q15958571,male,0,,2017.0
Scientist,Samir_Zard,Q3470851,male,0,,2013.0
Scientist,Samira_Islam,Q21531656,female,0,,2015.0
Scientist,Samira_Kiani,Q61781791,female,0,,2019.0
Scientist,Samira_Mubareka,Q89700354,female,0,,2020.0
Scientist,Samira_Musah,Q107324739,female,0,,2021.0
Scientist,Samit_Dasgupta,Q98067786,male,0,,2020.0
Scientist,Samit_Kumar_Nandi,Q47434043,male,57,,2018.0
Scientist,Sammy_Boussiba,Q27881431,male,77,,2016.0
Scientist,Sampat_Kumar_Tandon,Q28047833,male,79,,2016.0
Scientist,Sampath_Parthasarathy,Q54862553,male,0,,2018.0
Scientist,Samprit_Chatterjee,,,0,,
Scientist,Samra_Turajlic,Q98177175,female,0,,2020.0
Scientist,Samson_Abramsky,Q7410357,male,71,,2004.0
Scientist,Samson_Gemmell,Q55979040,male,0,,2018.0
Scientist,Samson_Gombe,Q72700522,male,51,,2022.0
Scientist,Samson_Kutateladze,Q4249440,male,-38,,2009.0
Scientist,Samson_Kutateladze,Q7449212,male,-38,,2009.0
Scientist,Samson_Kutateladze_(Brigadier_General),Q16374997,male,54,,2013.0
Scientist,Samson_Shatashvili,Q24088955,male,0,,2016.0
Scientist,Samuel-Auguste_Tissot,Q124273,male,296,,2007.0
Scientist,Samuel_A._Goldblith,,,0,,2008.0
Scientist,Samuel_A._Stouffer,Q2217894,male,124,,2007.0
Scientist,Samuel_Achilefu,Q21971350,male,0,,2016.0
Scientist,"Samuel_Alito,_Glenn_Reynolds",,,0,,
Scientist,Samuel_Allport,Q2919564,male,81,,2005.0
Scientist,Samuel_Augustus_Mitchell,Q3445785,male,-156,,2008.0
Scientist,Samuel_B._Bacharach,Q16875271,male,0,,2014.0
Scientist,Samuel_Barnett_Schryver,Q15814073,male,60,,2021.0
Scientist,Samuel_Baskin,Q16015620,male,0,,2014.0
Scientist,Samuel_Beatty_(mathematician),Q3471045,male,0,,2008.0
Scientist,Samuel_Berkovic,Q7410915,male,71,,2011.0
Scientist,Samuel_Booker_McDowell_Jr.,Q2112079,male,86,,2024.0
Scientist,Samuel_Botsford_Buckley,Q2605955,male,0,,2004.0
Scientist,Samuel_Brewer,Q7410983,male,0,,2011.0
Scientist,Samuel_Brubaker_Hartman,Q55720805,male,88,,2018.0
Scientist,Samuel_Buss,Q7411021,male,0,,2011.0
Scientist,Samuel_Buttrey,,,0,,
Scientist,Samuel_C._Bradford,Q706365,male,70,,2011.0
Scientist,Samuel_C._C._Ting,Q192715,male,88,,2003.0
Scientist,Samuel_C._Lind,Q7411040,male,145,,2008.0
Scientist,Samuel_Cate_Prescott,Q7411080,male,90,,2006.0
Scientist,Samuel_Collins_(physicist),Q7411151,male,126,,2008.0
Scientist,Samuel_Constant_Snellen_van_Vollenhoven,Q4491407,male,0,,2007.0
Scientist,Samuel_Conway,Q7411156,male,59,,2006.0
Scientist,Samuel_Corson,Q99767827,male,89,,2020.0
Scientist,Samuel_Croker-King,Q53837907,male,89,,2018.0
Scientist,Samuel_Crumpe,Q7411193,male,30,,2012.0
Scientist,Samuel_D._Gehman,Q38478710,male,0,,2017.0
Scientist,Samuel_D._Gross,Q1512038,male,79,,2006.0
Scientist,Samuel_Dale_(physician),Q1538175,male,0,,2019.0
Scientist,Samuel_Devons,Q7411260,male,92,,2006.0
Scientist,Samuel_E._Blum,Q7411293,male,93,,2008.0
Scientist,Samuel_Earnshaw,Q1386175,male,83,,2007.0
Scientist,Samuel_Eilenberg,Q535833,male,85,,2003.0
Scientist,Samuel_Elisée_Bridel-Brideri,Q946113,male,67,,2009.0
Scientist,Samuel_Epstein_(geochemist),Q899926,male,82,,2008.0
Scientist,Samuel_Flagg_Bemis,Q3946617,male,133,,2006.0
Scientist,Samuel_Francis_Boys,Q3471116,male,61,,2006.0
Scientist,Samuel_Frederick_Edwards,,,0,,2007.0
Scientist,Samuel_G._Wildman,Q7408333,male,92,,2007.0
Scientist,Samuel_Garman,Q383675,male,84,,2005.0
Scientist,Samuel_George_Morton,Q920542,male,52,,2005.0
Scientist,Samuel_Gibson_Dixon,Q7411483,male,67,,2010.0
Scientist,Samuel_Gnanamanickam,Q110845608,male,79,,2022.0
Scientist,Samuel_Gottlieb_Gmelin,Q61471,male,30,,2004.0
Scientist,Samuel_Goudsmit,Q560839,male,76,,2005.0
Scientist,Samuel_Graham_(engineer),Q89232827,male,0,,2020.0
Scientist,Samuel_Greenhouse,Q61721834,male,106,,2019.0
Scientist,Samuel_Gubins,Q100247610,male,0,,2020.0
Scientist,Samuel_Guthrie_(physician),Q369297,male,0,,2005.0
Scientist,Samuel_H._Caldwell,Q7411567,male,0,,2007.0
Scientist,Samuel_H._Preston,Q7411585,male,81,,2006.0
Scientist,Samuel_Hollander,Q7411719,male,87,,2005.0
Scientist,Samuel_I._Stupp,Q7411769,male,73,,2011.0
Scientist,Samuel_Isaac_Weissman,Q7411786,male,95,,2007.0
Scientist,Samuel_J._Clark,,,0,,2022.0
Scientist,Samuel_J._Danishefsky,Q724239,male,88,,2007.0
Scientist,Samuel_J._Lin,Q64862590,male,0,,2019.0
Scientist,Samuel_J._Mason,,,0,,2012.0
Scientist,Samuel_J._Scott,Q105926934,male,86,,2021.0
Scientist,Samuel_Jacob_Beck,Q39804997,male,0,,2017.0
Scientist,Samuel_James_Patterson,Q2218722,male,76,,2019.0
Scientist,Samuel_James_Shand,Q12365045,male,75,,2018.0
Scientist,Samuel_K._Allison,,,0,,2005.0
Scientist,Samuel_Karlin,Q667074,male,83,,2008.0
Scientist,Samuel_King_Allison,Q3710029,male,65,,2005.0
Scientist,Samuel_Kohs,Q3946628,male,94,,2006.0
Scientist,Samuel_Kou,Q8465420,male,0,,2020.0
Scientist,Samuel_Krimm,,,0,,
Scientist,Samuel_Kurtz_Hoffman,Q7411935,male,93,,2007.0
Scientist,Samuel_L._Braunstein,Q7411941,male,0,,2005.0
Scientist,Samuel_L._Kountz,Q7411948,male,51,,2011.0
Scientist,Samuel_L._Manzello,Q99973581,male,0,,2020.0
Scientist,Samuel_Lawn,,,0,,2014.0
Scientist,Samuel_Lilley,,,0,,
Scientist,Samuel_M._Leach_(99),,,0,,
Scientist,Samuel_M._McElvain,Q7412075,male,76,,2008.0
Scientist,Samuel_Madden_(computer_scientist),Q7412090,male,48,,2008.0
Scientist,Samuel_Mann,Q17489112,male,0,,2014.0
Scientist,Samuel_Manuwa,Q7412097,male,0,,2007.0
Scientist,Samuel_McLaren,Q7412157,male,40,,2007.0
Scientist,Samuel_Milner,Q7412202,male,149,,2006.0
Scientist,Samuel_Mitja_Rapoport,Q110415,male,92,,2005.0
Scientist,Samuel_Molyneux,Q325984,male,39,,2007.0
Scientist,Samuel_Myers_Jr.,Q59495886,male,75,,2020.0
Scientist,Samuel_O._Thier,Q7412298,male,87,,2007.0
Scientist,Samuel_P._Massie,Q7412335,male,86,,2008.0
Scientist,Samuel_P._Welles,,,0,,2016.0
Scientist,Samuel_Parkes_(chemist),Q7412359,male,263,,2005.0
Scientist,Samuel_Peter_Schilling,Q2077994,male,79,,2013.0
Scientist,Samuel_Philip_Sadtler,Q7412394,male,76,,2006.0
Scientist,Samuel_Pickworth_Woodward,Q2218764,male,44,,2006.0
Scientist,Samuel_Plaff,,,0,,
Scientist,Samuel_Rascoff,Q23664026,male,0,,2016.0
Scientist,Samuel_Rodriguez_(computer_scientist),,,0,,
Scientist,Samuel_Rousseau,Q4401075,male,-204,,2007.0
Scientist,Samuel_S._Wagstaff_Jr.,Q515159,male,79,,2005.0
Scientist,Samuel_S._Wilks,Q2250213,male,58,,2006.0
Scientist,Samuel_Sanford_Shapiro,Q20675702,male,94,,2015.0
Scientist,Samuel_Sears,Q7412585,male,0,,2010.0
Scientist,Samuel_Silva_Gotay,Q22004620,male,0,,2015.0
Scientist,Samuel_Sommers,Q30331904,male,0,,2017.0
Scientist,Samuel_Stehman_Haldeman,Q980187,male,0,,2024.0
Scientist,Samuel_Strober,Q29446231,male,-2,,2016.0
Scientist,Samuel_Stutchbury,Q3471239,male,61,,2007.0
Scientist,Samuel_T._Cohen,Q560098,male,103,,2004.0
Scientist,Samuel_Thomas_von_Sömmerring,Q132197,male,269,,2005.0
Scientist,Samuel_Tolansky,Q1089408,male,66,,2006.0
Scientist,Samuel_Victor_Perry,Q2216592,male,91,,2010.0
Scientist,Samuel_W._MacDowell,,,0,,
Scientist,Samuel_Warren_Carey,Q195313,male,91,,2006.0
Scientist,Samuel_Washington_Woodhouse,Q2632163,male,83,,2005.0
Scientist,Samuel_Waxman,Q7412900,male,0,,2011.0
Scientist,Samuel_Wendell_Williston,Q1376111,male,66,,2005.0
Scientist,Samuel_Wendell_Williston,Q22058780,,66,,2005.0
Scientist,Samuel_Wendell_Williston,Q6364557,,66,,2005.0
Scientist,Samuel_Wilks,Q3471273,male,87,,2005.0
Scientist,Samuel_Williston,Q7412945,male,102,,2003.0
Scientist,Samuel_Woodward,Q7412968,male,48,,2005.0
Scientist,Samuel_Wooster_James,Q3471158,male,0,,2014.0
Scientist,Samuel_Yuster,,,0,,
Scientist,Samuel_Z._Cardon,Q27929687,male,78,,2016.0
Scientist,Samuel_de_Sorbiere,Q3471230,male,55,,2004.0
Scientist,Samuil_Shatunovsky,Q7413044,male,70,,2005.0
Scientist,Samvel_Kocharyants,Q4236643,male,115,,2019.0
Scientist,Samy_Azer,Q7413160,male,0,,2010.0
Scientist,Samy_Bengio,Q21714633,male,0,,2021.0
Scientist,Samy_El-Shall,Q110636158,,0,,2022.0
Scientist,San_Thang,Q28949164,male,70,,2018.0
Scientist,Sandeep_Shukla,Q29359329,male,0,,2017.0
Scientist,Sandeep_Verma,Q27965011,male,58,,2016.0
Scientist,Sander_Gilman,Q325219,male,80,,2006.0
Scientist,Sander_Greenland,Q7416116,male,73,,2008.0
Scientist,Sander_M._Calisal,,,0,,
Scientist,Sander_S._Florman,Q7416119,male,0,,2010.0
Scientist,Sander_van_der_Linden,Q30072203,male,0,,2017.0
Scientist,Sandhya_Koushika,Q23883514,female,0,,2016.0
Scientist,Sandhya_Samarasinghe,Q56486605,female,0,,2018.0
Scientist,Sandi_Lam,Q112811817,,0,,2022.0
Scientist,Sandie_McCarthy,Q54025896,female,0,,2018.0
Scientist,Sandip_Basu,Q29168828,male,0,,2017.0
Scientist,Sandip_Chakrabarti,Q7416377,male,66,,2007.0
Scientist,Sandip_Trivedi,Q7416382,male,61,,2009.0
Scientist,Sandra_Begay,Q106435938,female,0,,2021.0
Scientist,Sandra_Bem,Q1085264,female,70,,2006.0
Scientist,Sandra_Bessudo,Q3471891,female,0,,2010.0
Scientist,Sandra_Biedron,Q106457279,female,0,,2021.0
Scientist,Sandra_Black,Q20638823,female,0,,2015.0
Scientist,Sandra_C._Greer,Q18222071,female,0,,2015.0
Scientist,Sandra_Chapman,Q110688587,,0,,2022.0
Scientist,Sandra_Díaz_(ecologist),Q15062339,female,0,,2019.0
Scientist,Sandra_Escher,Q7416601,female,76,,2011.0
Scientist,Sandra_Faber,Q266972,female,80,,2002.0
Scientist,Sandra_J._F._Degen,Q94349980,female,0,,2020.0
Scientist,Sandra_J._Rosenthal,Q59423923,female,0,,2019.0
Scientist,Sandra_L._Calvert,Q33044124,female,0,,2017.0
Scientist,Sandra_M._Garraway,Q96323438,female,0,,2020.0
Scientist,Sandra_Morgen,Q16191207,female,66,,2013.0
Scientist,Sandra_Ohrn_Moose,Q28606023,female,82,,2017.0
Scientist,Sandra_Pascoe_Ortiz,Q99198844,female,0,,2020.0
Scientist,Sandra_Postel,Q15460150,female,0,,2007.0
Scientist,Sandra_Quackenbush,Q20675647,female,0,,2015.0
Scientist,Sandra_Rees,Q19276889,female,0,,2014.0
Scientist,Sandra_Savaglio,Q27452426,female,0,,2016.0
Scientist,Sandra_Scarr,Q3471944,female,85,,2005.0
Scientist,Sandra_Vehrencamp,Q22087914,female,76,,2015.0
Scientist,Sandra_Wachter,Q72977797,female,0,,2019.0
Scientist,Sandra_Waxman,Q16186553,female,0,,2013.0
Scientist,Sandra_Welner,Q17011165,female,0,,2014.0
Scientist,Sandra_Wolin,Q30069584,female,0,,2017.0
Scientist,Sandrine_Dudoit,Q64148504,female,0,,2019.0
Scientist,Sandrine_Heutz,Q58674343,female,0,,2019.0
Scientist,Sandrine_Lévêque-Fort,Q61158779,female,0,,2020.0
Scientist,Sandrine_Péché,Q25305633,female,0,,2016.0
Scientist,Sandro_Carrara,Q29266709,male,60,,2017.0
Scientist,Sandro_Galea,Q18062123,male,0,,2014.0
Scientist,Sandro_Jung,Q55232105,male,0,,2021.0
Scientist,Sandro_La_Vignera,Q96404929,male,0,,2020.0
Scientist,Sandro_Stringari,Q27886565,male,75,,2016.0
Scientist,Sandu_Popescu,Q15445972,male,0,,2016.0
Scientist,Sandy_Antunes,Q7417134,male,57,,2007.0
Scientist,Sandy_Douglas,Q7417239,male,89,,2005.0
Scientist,Sandy_Green_(mathematician),Q950764,male,88,,2007.0
Scientist,Sandy_Stevens_Tickodri-Togboa,Q7417487,male,75,,2010.0
Scientist,Sanford_Alexander_Moss,Q7417602,male,74,,2011.0
Scientist,Sanford_L._Segal,Q7417638,male,73,,2010.0
Scientist,Sanford_Levinson,Q7417640,male,83,,2009.0
Scientist,Sanford_Myron_Zeller,Q4190510,male,63,,2011.0
Scientist,Sanford_Rosenthal,Q61359883,male,92,,2019.0
Scientist,Sang-Min_Whang,Q12625841,male,62,,2017.0
Scientist,Sang-Wook_Cheong,Q16262474,male,0,,2014.0
Scientist,Sang_Jik_Rhee,,,0,,
Scientist,Sangeeta_N._Bhatia,Q7417919,female,56,,2024.0
Scientist,Sanghamitra_Bandyopadhyay,Q18354700,female,0,,2014.0
Scientist,Sangita_Mukhopadhyay,Q47458692,female,58,,2018.0
Scientist,Sanja_Fidler,Q63036899,female,0,,2020.0
Scientist,Sanjay_Asthana,Q22095289,male,0,,2015.0
Scientist,Sanjay_Banerjee,Q28112901,male,0,,2016.0
Scientist,Sanjay_Chaube,,,0,,
Scientist,Sanjay_Ghemawat,Q32751373,male,0,,2017.0
Scientist,Sanjay_Mittal,Q7418452,male,0,,2006.0
Scientist,Sanjay_Oak,Q7418457,male,65,,2011.0
Scientist,Sanjay_Puri_(physicist),Q43388533,male,63,,2024.0
Scientist,Sanjay_Srivastava,Q62734415,male,0,,2019.0
Scientist,Sanjaya_Rajaram,Q18354741,male,-3,,2014.0
Scientist,Sanjeev_Arora,Q92664,male,0,,2009.0
Scientist,Sanjeev_Arora_(physician),Q28654906,male,0,,2017.0
Scientist,Sanjeev_Das,Q43223383,male,48,,2017.0
Scientist,Sanjeev_Dhurandhar,Q24945970,male,0,,2016.0
Scientist,Sanjeev_Galande,Q27734962,male,57,,2016.0
Scientist,Sanjeev_Goyal,Q3948449,male,0,,2011.0
Scientist,Sanjeev_Khanna,Q16221572,male,0,,2013.0
Scientist,Sanjeev_Kulkarni,Q16980628,male,0,,2013.0
Scientist,Sanjeeva_Nayaka,Q21338986,male,50,,2017.0
Scientist,Sanjib_Senapati,Q53616031,male,0,,2018.0
Scientist,Sanjiv_Sam_Gambhir,Q7418569,male,58,,2012.0
Scientist,Sanjiva_Weerawarana,Q7418571,male,0,,2008.0
Scientist,Sanjoy_K._Mitter,Q7418585,male,0,,2009.0
Scientist,Sankar_Adhya,Q27916374,male,0,,2016.0
Scientist,Sankar_Das_Sarma,Q7418630,male,0,,2006.0
Scientist,Sankar_Dutta,,,0,,
Scientist,Sankar_Kumar_Nath,Q28115557,male,64,,2017.0
Scientist,Sankar_Kumar_Pal,Q7418633,male,0,,2005.0
Scientist,Santanu_Bhattacharya,Q27924802,male,66,,2016.0
Scientist,Santasabuj_Das,Q47508139,male,56,,2018.0
Scientist,Sante_De_Sanctis,Q3656095,male,162,,2009.0
Scientist,Santiago_Genovés,Q12740421,male,90,,2019.0
Scientist,Santiago_Ramón_y_Cajal,Q150526,male,82,,2003.0
Scientist,Santiago_Schnell,Q7420352,male,53,,2009.0
Scientist,Santorio_Santorio,Q361108,male,75,,2005.0
Scientist,Santorio_Santorio,Q94914812,,75,,2005.0
Scientist,Santosh_G._Honavar,Q29167059,male,0,,2017.0
Scientist,Santosh_Kesari,Q107969702,male,0,,2021.0
Scientist,Santosh_Kurinec,Q57656483,female,0,,2018.0
Scientist,Santosh_Vempala,Q7420673,male,53,,2012.0
Scientist,Sapan_Desai,Q96404983,male,45,,2007.0
Scientist,Sapna_Sharma,Q60102841,female,0,,2019.0
Scientist,Sara_Arber,Q7421552,female,75,,2011.0
Scientist,Sara_Billey,Q7421572,female,56,,2012.0
Scientist,Sara_Borrell_Ruiz,Q21730840,female,0,,2021.0
Scientist,Sara_Branham_Matthews,Q16164524,female,74,,2014.0
Scientist,Sara_Brownell,Q61140031,female,0,,2022.0
Scientist,Sara_Cherry,Q61196368,female,0,,2020.0
Scientist,Sara_Del_Valle,Q55450772,female,0,,2020.0
Scientist,Sara_E._Skrabalak,Q56885638,female,44,,2019.0
Scientist,Sara_Goodacre,Q56528503,female,0,,2018.0
Scientist,Sara_Goza,Q95046635,female,0,,2019.0
Scientist,Sara_Hennell,Q16200144,female,87,,2013.0
Scientist,Sara_Imari_Walker,Q27898324,female,0,,2016.0
Scientist,Sara_Iverson,Q85363671,female,0,,2021.0
Scientist,Sara_Jaffee,Q56061124,female,0,,2020.0
Scientist,Sara_Jane_Rhoads,Q20180732,female,73,,2020.0
Scientist,Sara_Josephine_Baker,Q4793362,female,72,,2006.0
Scientist,Sara_Kiesler,Q15995239,female,0,,2004.0
Scientist,Sara_Lawrence-Lightfoot,Q7421686,female,80,,2006.0
Scientist,Sara_Lewis,,,71,,2022.0
Scientist,Sara_Majetich,Q48619083,female,0,,2021.0
Scientist,Sara_McLaughlin_Mitchell,Q53344419,female,55,,2018.0
Scientist,Sara_Mole,Q42563205,female,0,,2019.0
Scientist,Sara_Nasserzadeh,Q108915660,female,0,,2021.0
Scientist,Sara_Rankin,Q45921930,female,0,,2017.0
Scientist,Sara_Russell,Q56069168,female,0,,2018.0
Scientist,Sara_Sawyer,Q56810799,female,0,,2021.0
Scientist,Sara_Seager__Sara_Seager__1,,,53,,
Scientist,Sara_Smilansky,Q18939479,female,84,,2014.0
Scientist,Sara_Snogerup_Linse,Q4963094,female,0,,2020.0
Scientist,Sara_T._Mayo,Q106998395,female,61,,2021.0
Scientist,Sara_Thompson_(food_scientist),Q108808795,female,0,,2021.0
Scientist,Sara_van_de_Geer,Q21055946,female,66,,2015.0
Scientist,Sarada_K._Sarma,Q7421962,male,0,,2010.0
Scientist,Sarah-Jayne_Blakemore,Q15739591,female,50,,2014.0
Scientist,Sarah_A._Connolly,Q7422036,female,0,,2009.0
Scientist,Sarah_Ann_Douglas,Q42907847,female,80,,2017.0
Scientist,Sarah_B._Henderson,Q56915217,female,0,,2018.0
Scientist,Sarah_Ballard,Q21128078,female,0,,2015.0
Scientist,Sarah_Bavly,Q28151774,female,124,,2017.0
Scientist,Sarah_Bedichek_Pipkin,Q19665657,female,0,,2015.0
Scientist,Sarah_Bell,Q58323590,female,0,,2019.0
Scientist,Sarah_Beynon,Q81929353,female,0,,2020.0
Scientist,Sarah_Blaffer_Hrdy,Q456177,female,78,,2003.0
Scientist,Sarah_Bolton_(physicist)__yes__1,,,0,,
Scientist,Sarah_Bridle,Q15921115,female,0,,2012.0
Scientist,Sarah_Burch,Q111536264,female,0,,2022.0
Scientist,Sarah_Cartmell,Q42866552,female,0,,2019.0
Scientist,Sarah_Chan,Q64488265,female,0,,2019.0
Scientist,Sarah_Clarke_(doctor),Q110690635,female,0,,2022.0
Scientist,Sarah_Cleaveland,Q16887648,female,0,,2014.0
Scientist,Sarah_Cleveland,Q7422193,female,0,,2007.0
Scientist,Sarah_Coulthurst,Q47503565,female,0,,2021.0
Scientist,Sarah_Darby,Q7422234,female,0,,2006.0
Scientist,Sarah_Das,Q113450442,female,0,,2022.0
Scientist,Sarah_Derrett,Q37392828,female,0,,2019.0
Scientist,Sarah_Dolley,Q43770414,female,195,,2017.0
Scientist,Sarah_E._Diamond,Q59098501,female,0,,2018.0
Scientist,Sarah_E._Gergel,Q62010232,female,0,,2019.0
Scientist,Sarah_E._Gibson,Q63285835,female,0,,2019.0
Scientist,Sarah_E._Reisman,Q56599798,female,0,,2018.0
Scientist,Sarah_E._Turner,Q29570719,female,58,,2019.0
Scientist,Sarah_Elgin,Q7422276,female,0,,2011.0
Scientist,Sarah_Eno,Q96691641,female,0,,2022.0
Scientist,Sarah_Fidler,Q89772879,female,0,,2020.0
Scientist,Sarah_Frances_Whiting,Q3473350,female,80,,2004.0
Scientist,Sarah_Franklin,Q7422312,female,64,,2010.0
Scientist,Sarah_Gabbott,Q25525853,female,0,,2021.0
Scientist,Sarah_Gallagher,Q61041134,female,0,,2019.0
Scientist,Sarah_Garfinkel,Q60329906,female,0,,2018.0
Scientist,Sarah_Gilbert,Q30513802,female,0,,2020.0
Scientist,Sarah_H._Kagan,Q7422358,female,0,,2010.0
Scientist,Sarah_Haigh,Q41564407,female,0,,2018.0
Scientist,Sarah_Hainsworth,Q27452771,female,57,,2016.0
Scientist,Sarah_Hake,Q58051843,female,0,,2020.0
Scientist,Sarah_Harris_(scientist),Q56441425,female,0,,2021.0
Scientist,Sarah_Hewlett,Q56921945,female,0,,2019.0
Scientist,Sarah_Hook,Q61188312,female,0,,2019.0
Scientist,Sarah_Hörst,Q51713416,female,42,,2018.0
Scientist,Sarah_J._Greenwald,Q82780191,female,0,,2020.0
Scientist,Sarah_K._England,Q96480371,female,0,,2020.0
Scientist,Sarah_K._Noble,Q18355180,female,0,,2014.0
Scientist,Sarah_L._Keller,Q59479349,female,0,,2019.0
Scientist,Sarah_L._Waters,Q47247804,female,0,,2018.0
Scientist,Sarah_Leberman,Q65640466,female,0,,2019.0
Scientist,Sarah_Lee_Lippincott,Q7422525,female,99,,2009.0
Scientist,Sarah_Leggott,Q55584039,female,0,,2018.0
Scientist,Sarah_Loguen_Fraser,Q4793686,female,83,,2010.0
Scientist,Sarah_M._Assmann,Q26493331,female,0,,2016.0
Scientist,Sarah_M._N._Woolley,Q57915934,female,0,,2018.0
Scientist,Sarah_Martha_Baker,Q3473389,female,137,,2016.0
Scientist,Sarah_Martins_Da_Silva,Q56606095,female,0,,2020.0
Scientist,Sarah_Matthews,Q60812091,female,0,,2023.0
Scientist,Sarah_Mawe,Q18593478,female,0,,2015.0
Scientist,Sarah_McLaren,Q105636114,female,0,,2021.0
Scientist,Sarah_Medland,Q37375476,female,0,,2019.0
Scientist,Sarah_Milkovich,Q51337661,female,0,,2018.0
Scientist,Sarah_Muirhead-Allwood,Q106263460,female,0,,2021.0
Scientist,Sarah_O'Connor,Q39859274,female,0,,2018.0
Scientist,Sarah_Otto,Q7422662,female,57,,2011.0
Scientist,Sarah_P._Monks,Q50810092,female,-98,,2018.0
Scientist,Sarah_Pett,Q94554625,female,0,,2020.0
Scientist,Sarah_Raper,Q108328163,,72,,2021.0
Scientist,Sarah_Ratner,Q7422726,female,96,,2012.0
Scientist,Sarah_Reichard,Q97044001,female,67,,2020.0
Scientist,Sarah_Robertson_(academic),Q45339510,female,0,,2019.0
Scientist,Sarah_Rowland-Jones,Q30004285,female,0,,2021.0
Scientist,Sarah_Schaack,Q23017203,female,0,,2016.0
Scientist,Sarah_Song_(professor),Q7422790,female,0,,2009.0
Scientist,Sarah_Sophia_Banks,Q7422791,female,280,,2006.0
Scientist,Sarah_Spiegel_(biologist),Q20950329,female,0,,2015.0
Scientist,Sarah_Springman,Q1985463,female,0,,2014.0
Scientist,Sarah_Spurgeon,Q59679067,female,61,,2019.0
Scientist,Sarah_Stewart_(cancer_researcher),Q7422802,female,71,,2008.0
Scientist,Sarah_Stewart_Johnson,Q99212457,female,0,,2020.0
Scientist,Sarah_Tabrizi,Q24039464,female,0,,2016.0
Scientist,Sarah_Teichmann,Q19501099,female,49,,2015.0
Scientist,Sarah_Thompson_(physicist),Q58768870,female,0,,2018.0
Scientist,Sarah_Tishkoff,Q17403006,female,59,,2014.0
Scientist,Sarah_Tolbert,Q88021039,female,0,,2021.0
Scientist,Sarah_Trimpin,Q83978525,female,0,,2020.0
Scientist,Sarah_Tuttle,Q55386740,female,0,,2018.0
Scientist,Sarah_Veatch,Q50285096,female,0,,2019.0
Scientist,Sarah_Whatmore_(geographer),Q7422895,female,0,,2009.0
Scientist,Sarah_Witherspoon,Q42728954,female,0,,2017.0
Scientist,Sarah_Wyatt,Q33125016,female,0,,2017.0
Scientist,Sarah_Young_(immunologist),Q65944740,female,0,,2019.0
Scientist,Sarashi_Ranjan_Mukherjee,Q28794006,male,72,,2017.0
Scientist,Sarasi_Kumar_Saraswati,Q7423206,male,0,,2011.0
Scientist,Saraswathi_Vishveshwara,Q18355238,female,0,,2014.0
Scientist,Sarath_Amunugama,Q7423310,male,0,,2008.0
Scientist,Sarath_Gunapala,Q7423316,male,0,,2007.0
Scientist,Sarbani_Basu,Q47451357,female,0,,2018.0
Scientist,Sarbeswar_Bujarbarua,Q94995306,male,76,,2020.0
Scientist,Sardul_Singh_Guraya,Q26997670,male,82,,2016.0
Scientist,Sarfaraz_K._Niazi,Q7423868,male,75,,2011.0
Scientist,Sarfaraz_K._Niazi,Q90859485,,75,,2011.0
Scientist,Sargur_Srihari,Q7423979,male,73,,2009.0
Scientist,Sarit_Kraus,Q14234,female,0,,2010.0
Scientist,Sarita_Adve,Q4815207,female,0,,2008.0
Scientist,Sarita_Schoenebeck,Q105623547,female,0,,2021.0
Scientist,Sarkis_Mazmanian,Q19661670,male,52,,2015.0
Scientist,Sarnoff_A._Mednick,Q7424366,male,96,,2008.0
Scientist,Sarrah_Ben_M'barek,Q3473696,female,0,,2021.0
Scientist,Sartaj_Sahni,Q92684,male,75,,2004.0
Scientist,Sartono_Kartodirdjo,Q7425017,male,86,,2021.0
Scientist,Sarvadaman_Chowla,Q967584,male,88,,2003.0
Scientist,Sasanka_Chandra_Bhattacharyya,Q27786160,male,95,,2016.0
Scientist,Sasha_Dolgov,,,0,,
Scientist,Sasha_Haco,Q115217671,female,0,,2022.0
Scientist,Sasha_Turner,Q105083762,female,0,,2021.0
Scientist,Saskia_Hogenhout,Q78457541,female,0,,2019.0
Scientist,Saskia_Mioduszewski,Q60474830,female,0,,2021.0
Scientist,Saskia_Popescu,Q91745618,female,0,,2020.0
Scientist,Saskia_Sassen,Q239419,female,77,,2005.0
Scientist,Saswati_Chatterjee,Q21062115,female,0,,2015.0
Scientist,Sathyanarayana_Srikanta,Q22095920,male,0,,2015.0
Scientist,Satinder_Vir_Kessar,Q27860240,male,92,,2016.0
Scientist,Satish_Chandra_Maheshwari,Q27063248,male,86,,2016.0
Scientist,Satish_Dhawan,Q325393,male,82,,2004.0
Scientist,Satish_K._Gupta,Q28962328,male,71,,2017.0
Scientist,Satish_Ramnath_Shetye,Q28054158,male,74,,2016.0
Scientist,Satish_Shetye_&_Sulochana_Gadgil,,,0,,
Scientist,Satoru_Miyano,Q11455319,male,70,,2018.0
Scientist,Satoshi_Kanazawa,Q7426405,male,62,,2006.0
Scientist,Satoshi_Mishima,,,0,,
Scientist,Satoshi_Nakamoto,Q13382352,,49,,2010.0
Scientist,Satoshi_Ōmura,Q21061207,,89,,2015.0
Scientist,Satosi_Watanabe,Q3950796,male,83,,2008.0
Scientist,Satoyasu_Iimori,Q17192761,,97,,2017.0
Scientist,Satu_Repo,Q16210192,female,0,,2012.0
Scientist,Satwant_Pasricha,Q7426853,female,0,,2007.0
Scientist,Satwant_Singh_Dhaliwal,Q19794116,male,0,,2012.0
Scientist,Satya_N._Atluri,Q7426867,,79,,2009.0
Scientist,Satya_Prakash,Q7426881,male,95,,2009.0
Scientist,Satyabrata_Rai_Chowdhuri,Q7426889,male,81,,2006.0
Scientist,Satyajit_Mayor,Q7426900,male,61,,2012.0
Scientist,Satyan_Devadoss,Q18808567,,0,,2015.0
Scientist,Satyandra_K._Gupta,Q50332278,male,0,,2013.0
Scientist,Satyawati_Suleiman,Q17411464,female,68,,2019.0
Scientist,Satyendra_Nath_Bose,Q45789,male,80,,2002.0
Scientist,Satyendranath_Bose,,,0,,2004.0
Scientist,Satyu_Yamaguti,Q19260321,male,82,,2015.0
Scientist,Sau_Lan_Wu,Q7426990,female,0,,2013.0
Scientist,Saul_Adler,Q2687393,male,71,,2006.0
Scientist,Saul_Alves_Martins,Q7427275,male,92,,2010.0
Scientist,Saul_B._Cohen,Q7427276,male,96,,2011.0
Scientist,Saul_Dushman,Q7427290,male,71,,2008.0
Scientist,Saul_Gorn,Q7427301,male,0,,2010.0
Scientist,Saul_Griffith,Q7427302,male,0,,2007.0
Scientist,Saul_Hertz,Q2227478,male,45,,2010.0
Scientist,Saul_Hymans,,,0,,
Scientist,Saul_Krugman,Q2227488,male,84,,2005.0
Scientist,Saul_Patai,,,0,,
Scientist,Saul_Perlmutter,Q106949,male,65,,2005.0
Scientist,Saul_Rappaport,Q7427336,male,0,,2006.0
Scientist,Saul_Roseman,Q2227494,male,103,,2017.0
Scientist,Saul_Rosen,Q20675676,male,102,,2015.0
Scientist,Saul_Stokar,,,0,,
Scientist,Saul_Teukolsky,Q287433,male,77,,2005.0
Scientist,Saul_V._Levine,Q7427346,male,0,,2007.0
Scientist,Saul_Winstein,Q7427356,male,57,,2008.0
Scientist,Saumitra_Das,Q46178894,male,62,,2017.0
Scientist,Saunders_MacLane,,,0,,2004.0
Scientist,Saunders_Mac_Lane,Q441223,male,96,,2003.0
Scientist,Saundra_McGuire,Q52004495,female,0,,2018.0
Scientist,Saurabh_Dube,Q7427511,male,64,,2009.0
Scientist,Sava_Petrović_(botanist),Q9074850,male,50,,2020.0
Scientist,Savas_Dimopoulos,Q1386035,male,0,,2005.0
Scientist,Savely_Feinberg,Q24009772,male,63,,2019.0
Scientist,Saverio_%22Sonny%22_Morea,Q105278523,male,92,,2021.0
Scientist,Sayantani_Bhattacharyya,,,0,,
Scientist,Sayantani_DasGupta,Q7429116,female,0,,2012.0
Scientist,Sayeba_Akhter,Q69912079,female,0,,2019.0
Scientist,Sayed_Ali_MOUSAVI_Shaegh,,,0,,
Scientist,Sayed_Amjad_Hussain,Q15983604,male,87,,2014.0
Scientist,Sayed_Khatiboleslam_Sadrnezhaad,Q286348,male,73,,2009.0
Scientist,Sayyar_Jamil,Q12217483,male,0,,2013.0
Scientist,Scarlett_Bellamy,Q102312298,female,0,,2021.0
Scientist,Schelte_Bus,,,0,,2009.0
Scientist,Schelte_J._Bus,Q446449,male,0,,2004.0
Scientist,Schmidt–Cassegrain_telescope,Q1205220,,0,,2005.0
Scientist,Science_of_man,Q17121868,,0,,2005.0
Scientist,Scipione_del_Ferro,Q318083,male,61,,2006.0
Scientist,Scott_A._Jones,Q7435866,male,0,,2006.0
Scientist,Scott_A._McLuckey,Q11205142,male,0,,2008.0
Scientist,Scott_A._Mitchell,Q62568866,male,0,,2019.0
Scientist,Scott_A._Small,Q102388252,male,0,,2021.0
Scientist,Scott_A._Thomson,Q19842825,male,0,,2018.0
Scientist,Scott_Aaronson,Q4054157,male,43,,2007.0
Scientist,Scott_Alan_Mori,Q5590439,male,83,,2020.0
Scientist,Scott_Allen_Schaefer,Q21338310,male,0,,2021.0
Scientist,Scott_Atran,Q2260782,male,72,,2007.0
Scientist,Scott_Barry_Kaufman,Q7435958,male,0,,2011.0
Scientist,Scott_Carroll_(biologist),Q18022226,male,0,,2014.0
Scientist,Scott_Cowen,Q7436183,male,78,,2009.0
Scientist,Scott_Crossley,Q62116993,male,51,,2019.0
Scientist,Scott_Cunningham_(economist),Q110442821,male,0,,2022.0
Scientist,Scott_D._Emr,Q7436207,male,70,,2009.0
Scientist,Scott_D._Sampson,Q6090540,male,63,,2010.0
Scientist,Scott_Decker,Q30137713,male,74,,2017.0
Scientist,Scott_Denning,Q18157846,male,0,,2014.0
Scientist,Scott_Dodelson,Q3476200,male,0,,2022.0
Scientist,Scott_Doney,Q39841590,male,0,,2021.0
Scientist,Scott_Dulchavsky,Q7436265,male,0,,2009.0
Scientist,Scott_E._Denmark,Q18719225,male,71,,2014.0
Scientist,Scott_E._Page,Q7436275,male,0,,2012.0
Scientist,Scott_Fahlman,Q92769,male,76,,2004.0
Scientist,Scott_Ferson_(professor),Q39071169,male,0,,2017.0
Scientist,Scott_Forbush,Q386726,male,80,,2010.0
Scientist,Scott_Gates_(academic),Q7436393,male,67,,2010.0
Scientist,Scott_Gaudi,Q30325486,male,50,,2017.0
Scientist,Scott_Hadland,Q58112991,male,43,,2022.0
Scientist,Scott_Haltzman,Q7436459,male,0,,2007.0
Scientist,Scott_Hudson_(computer_scientist),Q7436533,male,0,,2008.0
Scientist,Scott_Jay_Kenyon,Q7436574,male,0,,2012.0
Scientist,Scott_K._Dessain,Q42211418,male,0,,2017.0
Scientist,Scott_K._Silverman,Q18631771,male,52,,2014.0
Scientist,Scott_Kim,Q3476245,male,0,,2005.0
Scientist,Scott_MacEachern,Q60685940,male,0,,2018.0
Scientist,Scott_Plous,Q16734588,male,0,,2007.0
Scientist,Scott_R._White,Q43198976,male,55,,2018.0
Scientist,Scott_Rettberg,Q30069886,male,0,,2017.0
Scientist,Scott_S._Sheppard,Q310490,male,0,,2004.0
Scientist,Scott_Sehon,Q7437225,male,61,,2010.0
Scientist,Scott_Shane_(professor),Q62572182,male,60,,2019.0
Scientist,Scott_Sheffield,Q2261035,male,51,,2013.0
Scientist,Scott_Shenker,Q7437240,male,68,,2005.0
Scientist,Scott_Sheppard,,,0,,2004.0
Scientist,Scott_Sonenshein,Q28000267,male,0,,2016.0
Scientist,Scott_Stoller,,,0,,
Scientist,Scott_Strobel,Q7437328,male,63,,2012.0
Scientist,Scott_Tremaine,Q363194,male,0,,2007.0
Scientist,Scott_V._Edwards,Q20090642,male,0,,2015.0
Scientist,Scott_W._Lowe,Q28006782,male,0,,2016.0
Scientist,Scott_W._Sloan,Q15847000,male,65,,2015.0
Scientist,Scott_Waldman,Q105038277,male,0,,2020.0
Scientist,Scott_Weinstein,,,0,,
Scientist,Scott_Zona,Q595854,male,0,,2014.0
Scientist,Sea_Rotmann,Q72201065,female,0,,2019.0
Scientist,Seale_Harris,Q7440617,male,87,,2007.0
Scientist,Seaman_A._Knapp,Q7440689,male,78,,2008.0
Scientist,Seamus_Deane,Q1937782,male,81,,2005.0
Scientist,Seamus_O'Mahony,Q66366221,male,0,,2022.0
Scientist,Sean_B._Carroll,Q4356612,male,64,,2005.0
Scientist,Sean_B._Carroll,Q92451743,,64,,2005.0
Scientist,Sean_Davison,Q55065334,male,0,,2018.0
Scientist,Sean_E._McCance,Q7440965,male,0,,2010.0
Scientist,Sean_Eddy,Q7440970,male,0,,2011.0
Scientist,Sean_Ekins,Q7440973,male,0,,2011.0
Scientist,Sean_Hill_(scientist),Q27981064,male,0,,2016.0
Scientist,Sean_J._Morrison,Q7441100,male,0,,2007.0
Scientist,Sean_Keel,,,0,,
Scientist,Sean_Lip,,,0,,
Scientist,Sean_M._Carroll,Q3129354,male,58,,2006.0
Scientist,Sean_M._Carroll,Q59673705,,58,,2006.0
Scientist,Sean_M._Decatur,Q16728458,male,56,,2013.0
Scientist,Sean_Mackey_(physician),Q16249675,male,61,,2013.0
Scientist,Sean_Munro,Q21165973,male,0,,2018.0
Scientist,Sean_Nee,Q20027893,male,65,,2015.0
Scientist,Sean_P._F._Hughes,Q2262241,male,83,,2010.0
Scientist,Sean_Solomon,Q7441446,male,79,,2010.0
Scientist,Sean_Whelan_(scientist),Q61862964,male,0,,2019.0
Scientist,Sean_Young_(psychologist),Q23020954,male,0,,2016.0
Scientist,Sebastian_Deffner,Q57446383,male,0,,2020.0
Scientist,Sebastian_Dietrich,,,0,,
Scientist,Sebastian_Doniach,Q7442403,male,0,,2006.0
Scientist,Sebastian_F._Hönig,Q1996384,male,0,,2010.0
Scientist,Sebastian_Finsterwalder,Q1529980,male,89,,2013.0
Scientist,Sebastian_Martin,Q28402463,male,-8,,2016.0
Scientist,Sebastian_Möller,Q103162,male,0,,2012.0
Scientist,Sebastian_Rahtz,Q23665531,male,61,,2016.0
Scientist,Sebastian_Seung,Q7442523,male,0,,2008.0
Scientist,Sebastian_Thrun,Q62901,male,57,,2005.0
Scientist,Sebastian_Wille,Q21033292,male,58,,2015.0
Scientist,Sebastian_Ziani_de_Ferranti,Q1348214,male,66,,2005.0
Scientist,Sebastián_Vidal_y_Soler,Q7442690,male,47,,2012.0
Scientist,Sebnem_Kalemli-Ozcan,Q29349917,female,0,,2020.0
Scientist,Sebsebe_Demissew,Q6123057,male,71,,2018.0
Scientist,Seema_Bhatnagar,Q56885308,female,0,,2018.0
Scientist,Seema_Jayachandran,Q29570218,female,0,,2018.0
Scientist,Seema_Yasmin,Q58214441,female,0,,2020.0
Scientist,Sefaattin_Tongay,Q85847178,male,0,,2024.0
Scientist,Sefer_Aycan,Q20675924,male,61,,2015.0
Scientist,Segenet_Kelemu,Q20710976,female,67,,2015.0
Scientist,Seha_Meray,Q6053553,male,0,,2017.0
Scientist,Seibert_Q._Duntley,Q7446571,male,88,,2009.0
Scientist,Seifallah_Randjbar-Daemi,Q7446654,male,0,,2007.0
Scientist,Seifollah_Kambakhshfard,Q5937186,male,81,,2017.0
Scientist,Seiji_Ogawa,Q1247924,male,90,,2006.0
Scientist,Seiji_Shinkai,Q907014,male,80,,2007.0
Scientist,Seiji_Ueda,Q737057,male,0,,2004.0
Scientist,Seirian_Sumner,Q63953173,female,0,,2019.0
Scientist,Seishi_Kikuchi,Q511169,male,72,,2010.0
Scientist,Seitarō_Gotō,Q11372324,male,68,,2019.0
Scientist,Seiuemon_Inaba,Q11596960,male,0,,2020.0
Scientist,Sejal_Saglani,Q42608323,female,0,,2021.0
Scientist,Sekazi_Mtingwa,Q35985013,male,75,,2019.0
Scientist,Seki_Takakazu,Q470531,male,-316,,2004.0
Scientist,Sekiya_Seikei,Q283854,male,41,,2010.0
Scientist,Selahattin_Özmen,Q7447438,male,0,,2012.0
Scientist,Selam_Ahderom,,,0,,
Scientist,Selcuk_Guceri,,,0,,
Scientist,Selden_D._Bacon,Q17403711,male,83,,2014.0
Scientist,Selenne_Bañuelos,Q102491453,female,39,,2021.0
Scientist,Seleucus_of_Seleucia,Q139798,male,0,,2004.0
Scientist,Self-knowledge_(Vedanta),Q7448276,,0,,2004.0
Scientist,Self-referencing_doomsday_argument_rebuttal,Q7448191,,0,,2005.0
Scientist,Selig_Percy_Amoils,Q7448371,male,0,,2024.0
Scientist,Selim_Krein,,,0,,
Scientist,Selma_DeBakey,Q66350789,female,98,,2019.0
Scientist,Selma_Fraiberg,Q7448719,female,63,,2004.0
Scientist,Selma_de_Mink,Q38359989,female,0,,2020.0
Scientist,Selman_Akbulut,Q7448741,male,0,,2006.0
Scientist,Selman_Uranues,Q17855940,male,0,,2014.0
Scientist,Selman_Waksman,Q232308,male,85,,2004.0
Scientist,Selmar_Schonland,Q77803,male,80,,2006.0
Scientist,Selwyn_Wright,Q28534224,male,81,,2014.0
Scientist,Semen_Altshuler,Q3918325,male,72,,2010.0
Scientist,Semen_Gluzman,Q4140213,male,78,,2010.0
Scientist,Semen_Shubin,,,0,,
Scientist,Semi_Joseph_Begun,Q92416,male,90,,2005.0
Scientist,Semir_Zeki,Q320877,male,0,,2004.0
Scientist,Semyon_Alesker,Q2269580,male,0,,2011.0
Scientist,Semyon_Desnitsky,Q957605,male,-226,,2006.0
Scientist,Semyon_Gershtein,Q2269323,male,95,,2016.0
Scientist,Semyon_Kataev,Q4217047,male,87,,2016.0
Scientist,Semën_Samsonovich_Kutateladze,Q4249440,male,79,,2011.0
Scientist,Semën_Samsonovich_Kutateladze,Q7449212,male,79,,2011.0
Scientist,Sen_Arevshatyan,Q4068976,male,86,,2009.0
Scientist,Sendhil_Mullainathan,Q655590,male,0,,2004.0
Scientist,Sendurai_Mani,Q37391611,male,0,,2022.0
Scientist,Senjuti_Saha,Q57934162,female,0,,2020.0
Scientist,Seny_Kamara,Q110713852,male,0,,2022.0
Scientist,Seo_Dong-jin,Q21058405,male,0,,2019.0
Scientist,Seok-Hyun_%22Andy%22_Yun,Q28531148,male,55,,2017.0
Scientist,Sepp_Hochreiter,Q7451965,male,57,,2011.0
Scientist,Sequential_pattern_mining,Q1718507,,0,,2006.0
Scientist,Sera_Markoff,Q21264640,female,53,,2019.0
Scientist,Serafim_Batzoglou,Q25999511,male,0,,2016.0
Scientist,Serafim_Kalliadasis,Q88534529,male,0,,2020.0
Scientist,Serafima_Panteleeva,Q31822040,female,0,,2017.0
Scientist,Seraph_Frissell,Q56107154,female,184,,2018.0
Scientist,Serdar_Bulun,Q22277212,male,0,,2016.0
Scientist,Serdar_Nasır,Q7453036,male,0,,2012.0
Scientist,Sereana_Naepi,Q90197093,female,0,,2021.0
Scientist,Serena_Corr,Q59452991,female,0,,2018.0
Scientist,Serena_DeBeer,Q65944872,female,0,,2019.0
Scientist,Serena_Nik-Zainal,Q29955233,female,0,,2021.0
Scientist,Serge_Abiteboul,Q3479163,male,71,,2008.0
Scientist,Serge_Bouc,,,0,,
Scientist,Serge_Daan,Q1773532,male,78,,2010.0
Scientist,Serge_Elisséeff,Q2034708,male,-49,,2008.0
Scientist,Serge_Haroche,Q109588,male,80,,2007.0
Scientist,Serge_Lang,Q371948,male,78,,2004.0
Scientist,Serge_Maumary,,,0,,
Scientist,Serge_Nicolas,Q55629033,male,62,,2022.0
Scientist,Serge_Rudaz,Q7453353,male,0,,2005.0
Scientist,Serge_Vaudenay,Q3479573,male,0,,2005.0
Scientist,Serge_Voronoff,Q1497472,male,85,,2004.0
Scientist,Sergei_Abramov_(mathematician),Q4054946,male,67,,2018.0
Scientist,Sergei_Adian,Q2074389,male,0,,2006.0
Scientist,Sergei_Alexander_Schelkunoff,Q446277,male,127,,2007.0
Scientist,Sergei_Alexandrovich_Zhevakin,Q11182218,male,85,,2009.0
Scientist,Sergei_Alexeyev,Q4061728,male,89,,2013.0
Scientist,Sergei_Alphéraky,Q2037212,male,0,,2008.0
Scientist,Sergei_Aseev,Q40006697,male,67,,2018.0
Scientist,Sergei_B._Chernyshev,Q4514366,male,72,,2017.0
Scientist,Sergei_Belyavsky,,,0,,2009.0
Scientist,Sergei_Bernstein,Q470539,male,88,,2004.0
Scientist,Sergei_Chetverikov,Q4514975,male,79,,2005.0
Scientist,Sergei_Chuyev,Q21062175,male,0,,2015.0
Scientist,Sergei_Evdokimov,Q67362420,male,66,,2019.0
Scientist,Sergei_Fyodorov_(surgeon),Q4494028,male,67,,2015.0
Scientist,Sergei_Gukov,Q7453551,male,0,,2009.0
Scientist,Sergei_Guriev,Q4152357,male,53,,2024.0
Scientist,Sergei_Ipatov,Q3955991,male,72,,2020.0
Scientist,Sergei_Ivanov_(mathematician),Q4196325,male,52,,2020.0
Scientist,Sergei_Ivanovich_Belyavsky,,,0,,2008.0
Scientist,Sergei_Ivanovich_Tomkeieff,Q59919287,male,0,,2018.0
Scientist,Sergei_K._Godunov,Q324083,male,95,,2023.0
Scientist,Sergei_Konyagin,Q7453591,male,67,,2010.0
Scientist,Sergei_Kopeikin,Q7453592,male,68,,2003.0
Scientist,Sergei_Korovin_(physicist),,,0,,
Scientist,Sergei_Korsakoff,Q551692,male,0,,2022.0
Scientist,Sergei_Lousianin,Q21641257,male,68,,2016.0
Scientist,Sergei_Maslov_(physicist),,,0,,
Scientist,Sergei_Mirkin,Q11256582,male,68,,2010.0
Scientist,Sergei_Mosyakin,Q6125263,male,63,,2016.0
Scientist,Sergei_Mukhin,Q53952812,male,65,,2018.0
Scientist,Sergei_N._Artemov,Q16062135,male,73,,2011.0
Scientist,Sergei_Natanovich_Bernstein,Q470539,male,0,,2021.0
Scientist,Sergei_Nikolaev_(linguist),Q4320179,male,70,,2020.0
Scientist,Sergei_Nikolaevich_Chernikov,Q12170089,male,75,,2023.0
Scientist,Sergei_Novikov_(mathematician),Q333975,male,86,,2004.0
Scientist,Sergei_Odintsov,Q4331611,male,0,,2009.0
Scientist,Sergei_Petrovich_Mitrofanov,Q18246191,male,88,,2023.0
Scientist,Sergei_Popov_(bioweaponeer),Q7453740,male,0,,2011.0
Scientist,Sergei_Rubinstein,Q1967442,male,71,,2016.0
Scientist,Sergei_Rytov,Q4402099,male,88,,2021.0
Scientist,Sergei_Scherbov,Q16145734,male,0,,2013.0
Scientist,Sergei_Scherbov,Q90390663,,0,,2013.0
Scientist,Sergei_Shandarin,,,0,,
Scientist,Sergei_Sobolev,Q323337,male,81,,2003.0
Scientist,Sergei_Tretyakov_(scientist),Q53855494,male,0,,2018.0
Scientist,Sergei_Tyablikov,Q4467822,male,47,,2008.0
Scientist,Sergei_V._Bulanov,Q30018183,male,77,,2020.0
Scientist,Sergei_V._Kalinin,Q28858726,male,0,,2017.0
Scientist,Sergei_Vasiljevich_Lebedev,,,0,,2010.0
Scientist,Sergei_Voloshin,Q7453877,male,71,,2013.0
Scientist,Sergei_Vostokov,Q15455707,male,79,,2015.0
Scientist,Sergei_Winogradsky,Q356526,male,168,,2005.0
Scientist,Sergej_Flach,Q55398029,male,0,,2018.0
Scientist,Sergey_A._Ponomarenko,,,0,,
Scientist,Sergey_Ambartsumian,Q4064020,male,96,,2018.0
Scientist,Sergey_Anatolyevich_Romanov,Q112611451,male,66,,2023.0
Scientist,Sergey_Belyavsky,Q11821,male,0,,2004.0
Scientist,Sergey_Bezrukov_(biophysicist),Q7454038,male,0,,2008.0
Scientist,Sergey_Botkin,Q26003,male,57,,2004.0
Scientist,Sergey_Chaplygin,Q983316,male,73,,2004.0
Scientist,Sergey_Chesnokov,Q4514873,male,0,,2013.0
Scientist,Sergey_Fomin,Q7453973,male,66,,2011.0
Scientist,Sergey_Gauthier,Q47453069,male,77,,2018.0
Scientist,Sergey_Gavrilets,Q28822916,male,0,,2017.0
Scientist,Sergey_Gulev,Q41187500,male,66,,2018.0
Scientist,Sergey_I._Bozhevolnyi,Q47212982,male,69,,2023.0
Scientist,Sergey_Ivanosvski,,,0,,
Scientist,Sergey_Ivanovich_Vavilov,Q324968,male,60,,2023.0
Scientist,Sergey_Kapitsa,Q20430,male,84,,2008.0
Scientist,Sergey_Khristianovich,Q4501446,male,92,,2005.0
Scientist,Sergey_Kondratyuk,Q21339842,male,65,,2022.0
Scientist,Sergey_Korolev,,,0,,2004.0
Scientist,Sergey_Kravkov_(agronomist),Q17617408,male,65,,2015.0
Scientist,Sergey_Kravkov_(explorer),Q17619560,male,130,,2015.0
Scientist,Sergey_Kravkov_(psychologist),Q11817222,male,58,,2015.0
Scientist,Sergey_Kurginyan,Q2626233,male,75,,2012.0
Scientist,Sergey_Lebedev_(chemist),Q289805,male,60,,2005.0
Scientist,Sergey_Lebedev_(scientist),Q1396305,male,-50,,2004.0
Scientist,Sergey_Lozhkin,Q28498916,male,73,,2018.0
Scientist,Sergey_M._Bezrukov,,,0,,2020.0
Scientist,Sergey_Macheret,Q104488204,male,67,,2020.0
Scientist,Sergey_Mergelyan,Q2471305,male,96,,2006.0
Scientist,Sergey_Nametkin,Q3821249,male,74,,2007.0
Scientist,Sergey_Nikolsky,Q34458,male,107,,2005.0
Scientist,Sergey_Paramonov_(entomologist),Q4417009,male,73,,2017.0
Scientist,Sergey_Psakhie,Q4382830,male,66,,2010.0
Scientist,Sergey_Reformatsky,Q903534,male,74,,2007.0
Scientist,Sergey_Savelyev_(scientist),Q4403828,male,65,,2016.0
Scientist,Sergey_Shorgin,Q4526157,male,72,,2018.0
Scientist,Sergey_Sobolev,,,0,,2010.0
Scientist,Sergey_Solovyov_(mathematician),Q54493525,male,69,,2018.0
Scientist,Sergey_Stechkin,Q3710067,male,75,,2006.0
Scientist,Sergey_Vavilov,,,0,,2004.0
Scientist,Sergey_Victorovich_Ulyanov,Q4475077,male,0,,
Scientist,Sergey_Vsevolodovich_Yablonsky,,,0,,2007.0
Scientist,Sergey_Yablonsky,Q3710055,male,74,,2007.0
Scientist,Sergey_Zimov,Q7454139,male,69,,2009.0
Scientist,Sergi_Jikia,Q4160294,male,126,,2021.0
Scientist,Sergii_Iermakov,Q19909308,male,74,,2017.0
Scientist,Sergio_A._Lira,Q7454169,male,0,,2011.0
Scientist,Sergio_Albeverio,Q27113,male,85,,2010.0
Scientist,Sergio_Antonio_Vanin,Q108401040,male,76,,2021.0
Scientist,Sergio_Archangelsky,Q21505302,male,91,,2021.0
Scientist,Sergio_Barbarossa,Q29452894,male,0,,2017.0
Scientist,Sergio_Boixo,Q97357778,male,51,,2020.0
Scientist,Sergio_Campanato,Q3956052,male,75,,2013.0
Scientist,Sergio_Canavero,Q22137462,male,0,,2015.0
Scientist,Sergio_Cotta,Q3956074,male,87,,2017.0
Scientist,Sergio_Doplicher,Q22669799,male,84,,2018.0
Scientist,Sergio_Erill,Q100324332,male,82,,2021.0
Scientist,Sergio_Focardi,Q3956120,male,-11,,2011.0
Scientist,Sergio_Fubini,Q1244732,male,77,,2010.0
Scientist,Sergio_Santucci,,,0,,
Scientist,Sergio_Verdu,,,0,,2009.0
Scientist,Sergiu_Hart,Q7454483,male,0,,2008.0
Scientist,Sergiu_Klainerman,Q2273233,male,74,,2010.0
Scientist,Sergiu_P._Pașca,Q49018109,male,42,,2018.0
Scientist,Sergiy_Vilkomir,Q84955650,male,64,,2020.0
Scientist,Sergo_Mikoyan,Q4293098,male,81,,2007.0
Scientist,Serguei_Barannikov,Q60826728,male,52,,2019.0
Scientist,Serguei_Netessine,Q16902213,male,0,,2014.0
Scientist,Serhiy_Kozmenko,Q16214870,male,63,,2014.0
Scientist,Serhiy_Podolynsky,Q2273334,male,174,,2015.0
Scientist,Serita_Frey,Q92721424,female,0,,2022.0
Scientist,Seshagiri_Rao_Vellanki,Q104704669,male,71,,2021.0
Scientist,Seta_Dadoyan,Q16864477,female,0,,2014.0
Scientist,Seth_A._Hutchinson,Q7456418,male,0,,2008.0
Scientist,Seth_Barnes_Nicholson,Q436047,male,72,,2003.0
Scientist,Seth_C._Murray,Q90729734,male,0,,2020.0
Scientist,Seth_Carlo_Chandler,Q548985,male,67,,2004.0
Scientist,Seth_Darst,Q4832147,male,0,,2013.0
Scientist,Seth_Grant,Q60642546,male,0,,2019.0
Scientist,Seth_Lederman,Q7456533,male,67,,2011.0
Scientist,Seth_Lloyd,Q92941,male,64,,2005.0
Scientist,Seth_Neddermeyer,Q1356799,male,81,,2004.0
Scientist,Seth_Putterman,Q2274780,male,79,,2022.0
Scientist,Seth_Roberts,Q7456587,male,61,,2006.0
Scientist,Seth_Schwartz_(psychologist),Q90452165,male,0,,2022.0
Scientist,Seth_Shostak,Q5762284,male,81,,2004.0
Scientist,Seth_Teller,,,0,,2015.0
Scientist,Seth_Ward_(bishop),,,0,,2011.0
Scientist,Sethunathasarma_Krishnaswami,Q28026189,male,79,,2016.0
Scientist,Setsuro_Ebashi,Q1278473,male,84,,2011.0
Scientist,Sevda_Jafarova,Q77700891,female,59,,
Scientist,Severin_Hacker,Q15644373,male,0,,2013.0
Scientist,Severo_Ochoa,Q233957,male,88,,2003.0
Scientist,Sevil_Atasoy,Q7458042,female,75,,2011.0
Scientist,Sevim_Tekeli,Q7458080,female,95,,2012.0
Scientist,Sewall_Wright,Q221061,male,99,,2003.0
Scientist,Seweryn_Chajtman,Q7458253,male,93,,2012.0
Scientist,Seyed_E._Hasnain,Q7459022,male,70,,2008.0
Scientist,Seyed_Hossein_Mir-Moezi,Q96479968,male,0,,2020.0
Scientist,Seyed_Javad_Miri,Q60285425,male,0,,2018.0
Scientist,Seyed_Javad_Mowla,Q20657393,male,0,,2015.0
Scientist,Seyed_Kazem_Seyed_Bagheri,Q96572877,male,0,,2020.0
Scientist,Seyed_Sajjad_Izdehi,Q96479514,male,0,,2020.0
Scientist,Seyid_Yahya_Bakuvi,Q2024702,male,0,,2024.0
Scientist,Seymour_Benzer,Q1975294,male,86,,2004.0
Scientist,Seymour_Cray,Q92765,male,71,,2001.0
Scientist,Seymour_Geisser,Q947841,male,0,,2004.0
Scientist,Seymour_Ginsburg,Q92797,male,77,,2006.0
Scientist,Seymour_Hess,Q6509054,male,62,,2011.0
Scientist,Seymour_Itzkoff,Q7459190,male,0,,2006.0
Scientist,Seymour_Jonathan_Singer,Q15995468,male,93,,2006.0
Scientist,Seymour_Lubetzky,Q7459205,male,105,,2003.0
Scientist,Seymour_Papert,Q335027,male,88,,2001.0
Scientist,Seán_Scanlan__Seán_Scanlan__1,,,-7,,
Scientist,Sfermion,Q2347008,,0,,2006.0
Scientist,Sha_Qinglin,Q57614021,male,90,,2020.0
Scientist,Shabaana_Khader,Q90212547,female,0,,2022.0
Scientist,"Shabat,_Boris_Vladimirovich",,,0,,
Scientist,Shabir_Madhi,Q56065756,male,0,,2021.0
Scientist,Shabnam_Siddiqui,,,0,,
Scientist,Shadia_Habbal,Q6804812,female,0,,2014.0
Scientist,Shaf_Keshavjee,Q19518807,male,0,,2014.0
Scientist,Shafi_Ahmed,Q28155011,male,55,,2017.0
Scientist,Shafi_Goldwasser,Q11609,female,0,,2004.0
Scientist,Shafik_Chokin,Q4517073,male,91,,2009.0
Scientist,Shafrira_Goldwasser,,,0,,2004.0
Scientist,Shahab_Shahabi,,,0,,
Scientist,Shahar_Lev-Ari,Q114352550,male,0,,2022.0
Scientist,Shahbaz_Malik,Q13140148,male,87,,2018.0
Scientist,Shaher_Momani,Q22688461,male,62,,2019.0
Scientist,Shahid_Hussain_Bokhari,Q7461672,male,72,,2006.0
Scientist,Shahid_Jameel,Q29016703,male,67,,2017.0
Scientist,Shahid_Shabbir_Baba_Ji,Q80358645,male,0,,2023.0
Scientist,Shahina_Farid,Q47087183,female,0,,2018.0
Scientist,Shahina_Pardhan,Q54828941,female,0,,2018.0
Scientist,Shahinaz_Gadalla,Q87645984,female,0,,2022.0
Scientist,Shahn_Majid,Q7461825,male,0,,2009.0
Scientist,Shahpour_Shahbazi,Q61063270,male,63,,2019.0
Scientist,Shahpour_Shahbazi,Q64759167,,63,,2019.0
Scientist,Shahraban_Abdullah,Q7461916,,0,,
Scientist,Shahram_Amiri,Q983856,male,38,,2009.0
Scientist,Shahram_Biglari,,,0,,
Scientist,Shahriar_Afshar,Q47956,male,0,,2007.0
Scientist,Shahrzad_Mojab,Q4967811,female,0,,2006.0
Scientist,Shahzeen_Attari,Q96033603,female,0,,2020.0
Scientist,Shai_Efrati,Q66188036,male,0,,2019.0
Scientist,Shai_Gutner,,,0,,
Scientist,Shai_Halevi,Q18719457,male,0,,2015.0
Scientist,Shaig_Asgarov,Q7462398,male,58,,2013.0
Scientist,Shailesh_Nayak,Q16185496,male,71,,2013.0
Scientist,Shaiwatna_Kupratakul,Q6576538,male,84,,2010.0
Scientist,Shakeel_Ahmed_Qureshi,Q100512580,male,0,,2022.0
Scientist,Shakir_Mustafa_Salim,Q12218190,male,0,,2010.0
Scientist,Shalini_Urs,Q61746940,female,0,,2019.0
Scientist,Shally_Awasthi,Q66316915,female,66,,2019.0
Scientist,Shalu_Vashistha,Q41674864,female,0,,2017.0
Scientist,Shalva_Nutsubidze,Q3651294,male,136,,2004.0
Scientist,Sham_Kakade,Q64009147,male,0,,2019.0
Scientist,Shamama_Alasgarova,Q28665627,female,73,,2022.0
Scientist,Shamgar_Gurevich,,,0,,
Scientist,Shamil_Asgarov,Q7487546,male,-19,,2008.0
Scientist,Shamil_Omarov,Q28664868,male,88,,2017.0
Scientist,Shamil_Shetekauri,Q7487553,male,69,,2011.0
Scientist,Shamit_Kachru,Q368407,male,54,,2004.0
Scientist,Shamita_Das__Shamita_Das__1,,,0,,
Scientist,Shamkant_Navathe,Q7487583,male,0,,2009.0
Scientist,Shamshad_Cockcroft,Q39863976,female,0,,2019.0
Scientist,Shamsiel,Q4260663,,0,,2005.0
Scientist,Shamus_khan,,,0,,
Scientist,Shan_Yang,Q109649131,male,61,,2021.0
Scientist,Shan_Zhongde,Q82213238,male,0,,2020.0
Scientist,Shana_O._Kelley,Q7487860,female,0,,2009.0
Scientist,Shandelle_Henson,Q84577445,female,0,,2020.0
Scientist,Shane_Campbell-Staton,Q62018991,male,0,,2019.0
Scientist,Shane_Crotty,Q65508706,male,50,,2019.0
Scientist,Shane_Davis_(astrophysicist),Q58926152,male,0,,2019.0
Scientist,Shane_Dikolli,Q16208633,male,0,,2013.0
Scientist,Shane_Greenstein,Q7488082,male,0,,2006.0
Scientist,Shane_Legg,Q22278829,male,0,,2016.0
Scientist,Shane_O'Mara_(neuroscientist),Q30506371,male,0,,2021.0
Scientist,Shane_R._Jimerson,Q7488237,male,0,,2012.0
Scientist,Shang-Hua_Teng,Q92663,male,0,,2008.0
Scientist,Shang-Yi_Chiang,Q16213905,male,52,,2013.0
Scientist,Shang_Hong,Q11039641,female,0,,2020.0
Scientist,Shanhui_Fan,Q56808939,male,0,,2019.0
Scientist,Shankar_Balasubramanian,Q7488670,male,58,,2012.0
Scientist,Shankar_Doraiswamy,Q7488686,male,57,,2011.0
Scientist,Shankar_Ghosh_(physicist),Q88318959,male,49,,2020.0
Scientist,Shankar_Purushottam_Agharkar,Q10370960,male,76,,2014.0
Scientist,Shankar_Sastry,Q7387892,male,0,,2008.0
Scientist,Shanna_Swan,Q108762700,female,0,,2021.0
Scientist,Shannan_Moynihan,Q58099902,female,0,,2018.0
Scientist,Shannon_Blunt,Q29266417,male,0,,2017.0
Scientist,Shannon_Boyd-Bailey_McCune,Q7488833,male,80,,2010.0
Scientist,Shannon_Valley,Q102277718,female,0,,2020.0
Scientist,Shanta_Dutta,Q90427955,female,0,,2020.0
Scientist,Shantanu_Basu,Q84531892,male,60,,2020.0
Scientist,Shantanu_Chowdhury,Q27734996,male,56,,2016.0
Scientist,Shantanu_Sengupta,Q47516359,male,0,,2018.0
Scientist,Shantharam_Shetty,Q94695062,male,82,,2020.0
Scientist,Shanthi_Ameratunga,Q37839719,female,0,,2018.0
Scientist,Shanthi_Pavan,Q28741298,male,51,,2017.0
Scientist,Shanti_S._Gupta,,,0,,
Scientist,Shanti_Swaroop_Bhatnagar,Q3595877,male,61,,2023.0
Scientist,Shanto_Iyengar,Q41740755,male,0,,2017.0
Scientist,Shaodong_Guo,Q110208337,male,56,,2021.0
Scientist,Sharadchandra_Shankar_Shrikhande,Q7489374,male,103,,2007.0
Scientist,Sharla_Boehm,Q52576612,female,0,,2018.0
Scientist,Sharlene_Newman,Q91379873,female,0,,2020.0
Scientist,Sharlene_Santana,Q106856874,female,0,,2021.0
Scientist,Sharma_Chakravarthy,,,0,,
Scientist,Sharmila_Anandasabapathy,Q63468277,female,0,,2020.0
Scientist,Sharmila_M._Mukhopadhyay,Q66606911,female,0,,2019.0
Scientist,Sharon-Lise_Normand,Q43572226,female,0,,2017.0
Scientist,Sharon_A._Hill,Q16211433,female,0,,2013.0
Scientist,Sharon_A._Savage,Q42662960,female,0,,2022.0
Scientist,Sharon_Ann_Hunt,Q19666047,female,0,,2015.0
Scientist,Sharon_Ashbrook,Q19862265,female,49,,2015.0
Scientist,Sharon_Brehm,Q16979849,female,73,,2014.0
Scientist,Sharon_Carver,,,0,,
Scientist,Sharon_Fonn,Q42572989,female,0,,2017.0
Scientist,Sharon_Glotzer,Q7490074,female,0,,2012.0
Scientist,Sharon_Hammes-Schiffer,Q15995462,female,58,,2013.0
Scientist,Sharon_Haynie,Q62596692,female,69,,2019.0
Scientist,Sharon_J._Hall,Q57017074,female,0,,2018.0
Scientist,Sharon_K._Davis,Q65027864,female,0,,2019.0
Scientist,Sharon_K._Parker,Q58171084,female,0,,2021.0
Scientist,Sharon_Lamb,Q17386231,female,69,,2014.0
Scientist,Sharon_Lewin,Q37618308,female,0,,2017.0
Scientist,Sharon_M._Weiss,Q95700637,female,0,,2020.0
Scientist,Sharon_Mosher,Q16732910,female,0,,2013.0
Scientist,Sharon_Oster,Q7490173,female,74,,2005.0
Scientist,Sharon_Patton,Q16106761,female,0,,2013.0
Scientist,Sharon_Peacock,Q44172566,female,65,,2017.0
Scientist,Sharon_R._Browning,Q42889563,female,0,,2019.0
Scientist,Sharon_R._Long,Q7490187,female,73,,2006.0
Scientist,Sharon_Robinson_(physiologist),Q25352408,female,0,,2016.0
Scientist,Sharon_Stocker,Q47029259,female,0,,2017.0
Scientist,Sharon_Straus,Q46003759,female,0,,2021.0
Scientist,Sharon_Sullivan,Q61719440,female,0,,2019.0
Scientist,Sharon_Tooze,Q21264645,female,0,,2018.0
Scientist,Sharon_Traweek,Q19569039,female,0,,2015.0
Scientist,Sharon_Weiss,Q7490263,female,0,,2010.0
Scientist,Sharon_Wright_Austin,Q80141955,female,0,,2019.0
Scientist,Shasanka_Mohan_Roy,Q29578749,male,83,,2017.0
Scientist,Shashi_Nambisan,Q7490555,male,0,,2007.0
Scientist,Shashi_Wadhwa,Q15972942,female,76,,2014.0
Scientist,Shaukat_Hameed_Khan,Q7490761,male,83,,2008.0
Scientist,Shaul_Foguel,Q19538813,male,0,,2015.0
Scientist,Shaul_Mukamel,Q27704551,male,76,,2016.0
Scientist,Shaun_Bowler,Q62628539,male,66,,2019.0
Scientist,Shaun_Cole,Q17126514,male,0,,2014.0
Scientist,Shaun_Hendy,Q56759627,male,0,,2020.0
Scientist,Shaun_O'Boyle,Q55633028,male,0,,2018.0
Scientist,Shaun_Purcell,Q55633029,male,0,,2018.0
Scientist,Shaun_Wylie,Q836653,male,96,,2007.0
Scientist,Shauna_Cooper,Q99526049,female,0,,2020.0
Scientist,Shauna_Shapiro,Q16980818,female,50,,2013.0
Scientist,Shaundra_Daily,Q107358727,female,45,,2021.0
Scientist,Shaunna_Sowell,Q57648607,female,0,,2020.0
Scientist,Shawn_Domagal-Goldman,Q24572502,male,0,,2016.0
Scientist,Shawn_Rafalski,,,0,,
Scientist,Shawna_Thomas,,,0,,
Scientist,Shayle_R._Searle,Q7491681,male,0,,2008.0
Scientist,Sheela_Basrur,Q7492343,female,52,,2006.0
Scientist,Sheelagh_Carpendale,Q13566999,female,0,,2013.0
Scientist,Sheena_Cruickshank,Q21264646,female,0,,2018.0
Scientist,Sheena_Josselyn,Q64942428,female,0,,2020.0
Scientist,Sheena_Radford,Q17011933,female,0,,2014.0
Scientist,Sheik_Umar_Khan,Q17444103,male,39,,2014.0
Scientist,Sheikh_Sardar_Hajjihasanli,Q61122674,male,50,,2019.0
Scientist,Sheila_Bird,Q15994306,female,72,,2014.0
Scientist,Sheila_Callender,Q19325481,female,110,,2017.0
Scientist,Sheila_Greibach,Q11615,female,85,,2004.0
Scientist,Sheila_Hemami,,,0,,2024.0
Scientist,Sheila_MacNeil,Q55081121,female,0,,2018.0
Scientist,Sheila_May_Edmonds,Q27453588,female,86,,2016.0
Scientist,Sheila_McIlraith,Q64819738,female,0,,2019.0
Scientist,Sheila_McLean,Q7493107,female,73,,2006.0
Scientist,Sheila_Nirenberg,Q17118618,female,0,,2013.0
Scientist,Sheila_Rowan_(physicist),Q21264647,female,55,,2017.0
Scientist,Sheila_Scott_Macintyre,Q719812,female,50,,2003.0
Scientist,Sheila_Sherlock,Q4794228,female,83,,2007.0
Scientist,Sheila_Shribman,Q47162876,female,0,,2018.0
Scientist,Sheila_Singh,Q63343872,female,0,,2019.0
Scientist,Sheila_Skeaff,Q47958977,female,0,,2020.0
Scientist,Sheila_West,Q85241581,female,78,,2022.0
Scientist,Sheina_Marshall,Q7493190,female,128,,2011.0
Scientist,Shekhar_C._Mande,Q7493257,male,62,,2012.0
Scientist,Shekhar_Chaudhuri,Q7493258,male,0,,2010.0
Scientist,Shekhar_Pradhan,,,0,,
Scientist,Shelby_F._Lewis,Q87528997,female,0,,2020.0
Scientist,Shelby_G._Tilford,Q106421738,male,85,,2021.0
Scientist,Sheldon_Bach,Q7493458,male,96,,2006.0
Scientist,Sheldon_C._Reed,Q55264179,male,93,,2018.0
Scientist,Sheldon_Cohen,Q7493473,male,77,,2011.0
Scientist,Sheldon_Danziger,Q30145182,male,76,,2017.0
Scientist,Sheldon_E._Isakoff,Q7493480,male,0,,2010.0
Scientist,Sheldon_Ekland-Olson,Q34384727,male,0,,2017.0
Scientist,Sheldon_Friel,Q7493490,male,-54,,2009.0
Scientist,Sheldon_Glashow,Q107420,male,92,,2003.0
Scientist,Sheldon_H._Jacobson,Q28229457,male,0,,2016.0
Scientist,Sheldon_Krimsky,Q16731049,male,80,,2009.0
Scientist,Sheldon_Lee_Glashow,Q107420,male,0,,2022.0
Scientist,Sheldon_M._Wiederhorn,Q112659218,male,88,,2022.0
Scientist,Sheldon_Segal,Q7493549,male,0,,2009.0
Scientist,Sheldon_Solomon,Q7493550,male,0,,2006.0
Scientist,Sheldon_Stone,Q53285742,male,75,,2021.0
Scientist,Sheldon_Weinbaum,Q15995577,male,87,,2013.0
Scientist,Shelia_Guberman,Q18686489,male,94,,2014.0
Scientist,Shelia_Hoar_Zahm,Q98482780,female,0,,2022.0
Scientist,Shelia_Nash-Stevenson,Q56573910,female,0,,2018.0
Scientist,Shelley_Berger,Q51827958,female,0,,2018.0
Scientist,Shelley_D._Minteer,Q42169232,female,0,,2019.0
Scientist,Shelley_Hurwitz,Q43146232,female,0,,2017.0
Scientist,Shelley_White-Means,Q87806533,female,0,,2020.0
Scientist,Shelli_Avenevoli,Q108818613,female,0,,2021.0
Scientist,Shelly_Errington,Q7493896,female,80,,2007.0
Scientist,Shelly_Flagel,Q61055230,female,0,,2019.0
Scientist,Shelly_Grabe,Q24572172,female,0,,2016.0
Scientist,Shelly_Harvey,Q18686606,female,0,,2014.0
Scientist,Shelly_Peyton,Q47504389,female,0,,2021.0
Scientist,Shelomo_Dov_Goitein,Q66472,male,124,,2005.0
Scientist,Shelton_H._Davis,Q7494007,male,68,,2005.0
Scientist,Shen_Hongbing,Q83533525,male,0,,2020.0
Scientist,Shen_Kuo,Q270085,male,0,,2004.0
Scientist,Shen_Panwen,Q9032222,male,101,,2017.0
Scientist,Shen_Qihan,Q9303226,male,100,,2022.0
Scientist,Shen_Shanjiong,Q9303249,male,104,,2021.0
Scientist,Shen_Zhonghou,Q48936237,male,93,,2021.0
Scientist,Shen_Ziyin,Q9043241,male,91,,2019.0
Scientist,Shen_Zuyan,Q9184798,male,82,,2017.0
Scientist,Sheng_Li_(09),,,0,,
Scientist,Sheng_Liang,Q7494244,male,0,,2011.0
Scientist,Sheng_Tongsheng,Q15931133,male,76,,2017.0
Scientist,Sheperd_S._Doeleman,Q63121753,male,0,,2019.0
Scientist,Sheppard_Frere,Q2278187,male,99,,2005.0
Scientist,Sherab_Zangpo,Q19666639,male,0,,2015.0
Scientist,Shere_Hite,Q64397,female,78,,2004.0
Scientist,Sherene_Loi,Q42315566,female,0,,2021.0
Scientist,Sherene_Razack,Q21152487,female,0,,2015.0
Scientist,Sheri_D._Sheppard__Sheri_D._Sheppard__1,,,0,,
Scientist,Sherif_El-Khamisy,Q65556809,male,0,,2022.0
Scientist,Sherilyn_C._Fritz,Q64211566,female,0,,2021.0
Scientist,Sherilynn_Black,Q90778957,female,0,,2020.0
Scientist,Sherine_Obare,Q61435340,female,0,,2019.0
Scientist,Sherita_Hill_Golden,Q37321218,female,0,,2021.0
Scientist,Sheritta_A._Strong,Q96593869,female,0,,2020.0
Scientist,Sherman_Cochran,Q7495142,male,0,,2011.0
Scientist,Sherman_Dyer,,,0,,
Scientist,Sherman_Weissman,Q22096500,male,0,,2016.0
Scientist,Sherrilyn_Roush,Q7495367,female,0,,2005.0
Scientist,Sherry_Chou,Q89926157,female,0,,2020.0
Scientist,Sherry_Ortner,Q2278440,female,0,,2007.0
Scientist,Sherry_Pagoto,Q37386049,female,0,,2018.0
Scientist,Sherry_Towers,Q88365620,female,0,,2020.0
Scientist,Sherwin_B._Nuland,Q2278468,male,84,,2006.0
Scientist,Sherwin_Carlquist,Q2251003,male,91,,2010.0
Scientist,Sherwood_B._Idso,Q2278479,male,82,,2004.0
Scientist,Sherwood_L._Washburn,,,0,,2007.0
Scientist,Sherwood_Washburn,Q2278483,male,89,,2007.0
Scientist,Sheryl_van_Nunen,Q62109787,female,0,,2019.0
Scientist,Sheue-yann_Cheng,Q88985334,female,0,,2020.0
Scientist,Shi_Changxu,Q9037523,male,96,,2016.0
Scientist,Shi_Jianlin,Q76112382,male,0,,2019.0
Scientist,Shi_Jiaonai,Q9146488,male,98,,2018.0
Scientist,Shi_Jinbo,Q7495903,male,84,,2012.0
Scientist,Shi_Liang,Q517048,female,85,,2007.0
Scientist,Shi_Ping,Q24040836,male,82,,2024.0
Scientist,Shi_Yigong,Q8053577,male,57,,2006.0
Scientist,Shi_Zhengli,Q43176170,female,60,,2019.0
Scientist,Shian-Jiann_Lin,Q63953104,male,0,,2019.0
Scientist,Shiba_Kumar_Rai,Q19898341,male,71,,2015.0
Scientist,Shields_Warren,Q17627115,male,126,,2014.0
Scientist,Shigefumi_Mori,Q206215,male,73,,2004.0
Scientist,Shigekazu_Nagata,Q1680345,male,0,,2014.0
Scientist,Shigeo_Kusuoka,,,0,,
Scientist,Shigeo_Satomura,Q7496370,male,0,,2005.0
Scientist,Shigeru_Iitaka,Q11666755,male,82,,2014.0
Scientist,Shigeru_Mukai,Q7496384,male,0,,2012.0
Scientist,Shigetada_Nakanishi,Q1467082,male,82,,2016.0
Scientist,Shigeto_Kawahara,Q7496407,male,44,,2009.0
Scientist,Shih-Chun_Wang,Q55419685,male,114,,2018.0
Scientist,Shih-Fu_Chang,Q37203066,male,0,,2017.0
Scientist,Shih-Jen_Hwang,Q110973959,female,0,,2022.0
Scientist,Shih-Ping_Chan,,,0,,
Scientist,Shih-Wei_Yang,,,0,,
Scientist,Shihoko_Ishii,Q11584946,female,0,,2017.0
Scientist,Shiing-Shen_Chern,Q328131,male,93,,2003.0
Scientist,Shikao_Ikehara,Q7496541,male,0,,2005.0
Scientist,Shikoh_Gitau,Q50379538,female,0,,2018.0
Scientist,Shili_Lin,Q42308525,female,0,,2017.0
Scientist,Shimon_Even,Q2910773,male,69,,2004.0
Scientist,Shimon_Rochkind,Q87527557,male,0,,2020.0
Scientist,Shimon_Sakaguchi,Q17502433,male,73,,2015.0
Scientist,Shimon_Schuldiner,Q26251313,male,0,,2016.0
Scientist,Shimon_Slavin,Q63346162,male,83,,2019.0
Scientist,Shimon_Ullman,Q7496998,male,76,,2007.0
Scientist,Shimrit_Perkol-Finkel,Q114785350,female,46,,2022.0
Scientist,Shimshon_Amitsur,Q454459,male,73,,2008.0
Scientist,Shin'ichirō_Tomonaga,Q184563,male,73,,2003.0
Scientist,Shin-Ru_Shih,Q109801991,,0,,2021.0
Scientist,Shin-Tson_Wu,Q18358022,male,71,,2014.0
Scientist,Shin-ya_Koyama,Q11459803,male,0,,2018.0
Scientist,Shin_Sung-chul,Q12604368,male,72,,2014.0
Scientist,Shing-Tung_Yau,Q334760,male,0,,2003.0
Scientist,Shing-Tung_Yau__Shing-Tung_Yau__1,,,75,,
Scientist,Shini_Somara,Q81805526,female,0,,2019.0
Scientist,Shinichi_Mochizuki,Q267066,male,55,,2012.0
Scientist,Shinjini_Bhatnagar,Q25999648,female,0,,2016.0
Scientist,Shinobu_Ishihara,Q530761,male,84,,2005.0
Scientist,Shinobu_Kitayama,Q60751878,male,67,,2019.0
Scientist,Shintarō_Arakawa,Q5966258,male,0,,2012.0
Scientist,Shintarō_Hirase,Q7497788,male,55,,2010.0
Scientist,Shinya_Inoué,Q1516739,male,0,,2009.0
Scientist,Shinya_Yamanaka,Q80917,male,62,,2007.0
Scientist,Shinzo_Shinjo,Q11081945,male,65,,2011.0
Scientist,Shinzo_Watanabe,Q11562063,male,89,,2015.0
Scientist,Shioko_Kimura,Q59432232,female,0,,2020.0
Scientist,Shipra_Guha-Mukherjee,Q31790345,female,86,,2024.0
Scientist,Shira_Yalon-Chamovitz,Q81154447,female,62,,2019.0
Scientist,Shiraishi_Takashi,,,0,,
Scientist,Shiranee_Sriskandan,Q59304597,female,0,,2020.0
Scientist,Shiraz_Minwalla,Q2279314,male,52,,2004.0
Scientist,Shireen_Hassim,Q59610311,female,0,,2020.0
Scientist,Shiri_Artstein-Avidan,,,0,,2018.0
Scientist,Shiriki_Kumanyika,Q59660176,female,0,,2018.0
Scientist,Shirin_M._Rai,Q7498601,female,64,,2011.0
Scientist,Shirin_R._Tahir-Kheli,Q7498604,female,0,,2004.0
Scientist,Shirleen_Roeder,Q59179854,female,0,,2018.0
Scientist,Shirley_Cotter_Tucker,Q19799686,female,0,,2019.0
Scientist,Shirley_Feldman,Q61976779,female,0,,2019.0
Scientist,Shirley_Gale_Cross,Q21513680,female,93,,2020.0
Scientist,Shirley_Ho,Q99334182,female,0,,2012.0
Scientist,Shirley_Hodgson,Q15995134,female,79,,2013.0
Scientist,Shirley_J._Dreiss,Q61299466,female,-31,,2019.0
Scientist,Shirley_Jeffrey,Q17516072,female,84,,2014.0
Scientist,Shirley_Leon_Quimby,Q23617409,male,93,,2016.0
Scientist,Shirley_M._Malcom,Q19664771,female,78,,2015.0
Scientist,Shirley_Meng,Q59565362,female,0,,2020.0
Scientist,Shirley_R._Steinberg,Q7498831,female,0,,2008.0
Scientist,Shirley_Smoyak,Q18719231,female,0,,2014.0
Scientist,Shirley_Tonkin,Q23022806,female,95,,2016.0
Scientist,Shitij_Kapur,Q20713543,male,0,,2015.0
Scientist,Shiu-Ying_Hu,Q7499182,female,102,,2012.0
Scientist,Shiv_I.S._Grewal,Q16931250,male,0,,2014.0
Scientist,Shiv_Pande,Q55759842,male,86,,2018.0
Scientist,Shiv_Prasad_Kosta,Q20737935,male,93,,2015.0
Scientist,Shiva_Ayyadurai,Q7499234,male,61,,2011.0
Scientist,Shiva_Balak_Misra,Q7499233,male,84,,2012.0
Scientist,Shivaji_Sondhi,Q65029213,male,0,,2017.0
Scientist,Shivaram_Rajgopal,Q57935458,male,0,,2018.0
Scientist,Shivaramakrishnan_Pancharatnam,,,0,,2008.0
Scientist,Shizuo_Akira,Q2279629,male,71,,2008.0
Scientist,Shizuo_Kakutani,Q945209,male,113,,2005.0
Scientist,Shlomi_Dolev,Q7499560,male,0,,2005.0
Scientist,Shlomo_Bentin,Q7499573,male,66,,2009.0
Scientist,Shlomo_Havlin,Q1632961,male,82,,2008.0
Scientist,Shlomo_Maital,Q106413787,male,82,,2021.0
Scientist,Shlomo_Margel,Q55138393,male,79,,2018.0
Scientist,Shlomo_Morag,Q7499595,male,73,,2011.0
Scientist,Shlomo_Sawilowsky,Q7499604,male,-3,,2007.0
Scientist,Shlomo_Sternberg,Q381310,male,88,,2006.0
Scientist,Shlomo_Yitzhaki_(economist),Q6834210,male,80,,2012.0
Scientist,Shlomo_Zilberstein,Q20675791,male,0,,2015.0
Scientist,Shmaryahu_Hoz,Q22005327,male,0,,2015.0
Scientist,Shmuel_Agmon,Q374233,male,102,,2011.0
Scientist,Shmuel_Gal,Q7499646,male,0,,2010.0
Scientist,Shmuel_Onn,Q97323090,male,0,,2021.0
Scientist,Shmuel_Oren,,,0,,
Scientist,Shmuel_Safra,Q92811,male,0,,2008.0
Scientist,Shmuel_Sagiv,Q63434375,male,65,,2019.0
Scientist,Shmuel_Shtrikman,Q4526974,male,73,,2016.0
Scientist,Shmuel_Stoller,Q7499668,male,79,,2011.0
Scientist,Shmuel_Weinberger,Q7499665,male,0,,2008.0
Scientist,Shmuel_Winograd,Q93070,male,0,,2005.0
Scientist,Shmuel_Winograd__Shmuel_Winograd__1,,,83,,
Scientist,Shmuel_Zaks,Q7499670,male,0,,2009.0
Scientist,Shmuel_Zamir,,,0,,
Scientist,Shneior_Lifson,Q7046928,male,87,,2013.0
Scientist,Sho-Chieh_Tsiang,Q7499687,male,75,,2007.0
Scientist,Sho_Yaida,,,0,,
Scientist,Shoba_Sharma,,,0,,
Scientist,Shobha_Madan,,,0,,
Scientist,Shobhana_Chelliah,Q25349745,female,0,,2016.0
Scientist,Shobhana_Narasimhan,Q21293264,female,0,,2015.0
Scientist,Shobhona_Sharma,Q21062345,female,71,,2015.0
Scientist,"Shoemaker,_C.",,,0,,2009.0
Scientist,"Shoemaker,_C._S.",,,0,,2008.0
Scientist,"Shoemaker,_E.",,,0,,2009.0
Scientist,Shohini_Ghose,Q52707485,female,0,,2018.0
Scientist,Shoichi_Sakata,Q1391854,male,59,,2009.0
Scientist,Shoji_Nishikawa,,,0,,2024.0
Scientist,Shojiro_Nishio,Q11627777,male,0,,2015.0
Scientist,Shokichi_Iyanaga,Q1676097,male,100,,2008.0
Scientist,Shomatsu_Yokoyama,Q7500292,male,0,,2009.0
Scientist,Shosaku_Numa,Q2280554,male,63,,2011.0
Scientist,Shoshana_Kamin,Q7502335,female,94,,2009.0
Scientist,Shoshana_Wodak,Q6127170,female,0,,2016.0
Scientist,Shoshichi_Kobayashi,Q930319,male,80,,2008.0
Scientist,Shota_Dzidziguri,Q2913427,male,83,,2012.0
Scientist,Shou-Wu_Zhang,Q7502629,male,62,,2005.0
Scientist,Shoucheng_Zhang,Q2280104,male,55,,2011.0
Scientist,Shoukhrat_Mitalipov,Q19666788,male,0,,2014.0
Scientist,Shouleh_Nikzad,Q105763551,female,0,,2021.0
Scientist,Shouyong_Shi,Q7502840,male,0,,2008.0
Scientist,Shozo_Kono,,,0,,
Scientist,Shraga_Shoval,Q65483868,male,66,,2019.0
Scientist,Shree_Bose,Q23797949,female,30,,2019.0
Scientist,Shree_K._Nayar,Q2280213,male,0,,2010.0
Scientist,Shreeram_Shankar_Abhyankar,Q899635,male,82,,2003.0
Scientist,Shri_Krishna_Joshi,Q7503808,male,85,,2009.0
Scientist,Shri_Mohan_Jain,Q18687975,male,75,,2014.0
Scientist,Shridhar_Ramachandra_Gadre,Q7503935,male,74,,2009.0
Scientist,Shridhar_Sathe,Q7503933,male,69,,2007.0
Scientist,Shrikant_Lele,Q28382604,male,81,,2017.0
Scientist,Shrinivas_Kulkarni,Q519988,male,68,,2006.0
Scientist,Shriram_Krishnamurthi,Q7504182,male,0,,2007.0
Scientist,Shruti_Naik,Q101996698,female,0,,2020.0
Scientist,Shu-Hong_Zhu,Q7504388,male,0,,2006.0
Scientist,Shu_Chien,Q7504410,male,93,,2009.0
Scientist,Shu_Hongbing,Q9330212,male,0,,2014.0
Scientist,Shu_Shien-Siu,Q7504417,male,89,,2009.0
Scientist,Shu_Xingbei,Q7504423,male,76,,2009.0
Scientist,Shu_Yang_(scientist),Q108673150,female,0,,2021.0
Scientist,Shuchi_Chawla,Q56681479,female,0,,2018.0
Scientist,Shuchi_Grover,Q99639094,female,0,,2022.0
Scientist,Shuguang_Cui,Q29347963,male,0,,2017.0
Scientist,Shuichi_Nosé,Q11611923,male,54,,2013.0
Scientist,Shuji_Nakamura,Q730065,male,70,,2004.0
Scientist,Shuji_Sato_(astronomer),Q11383680,male,79,,2021.0
Scientist,Shulamit_Gross,Q7058018,female,0,,2018.0
Scientist,Shumin_Zhai,Q63190361,male,63,,2019.0
Scientist,Shuming_Nie,Q29921995,male,0,,2017.0
Scientist,Shun'ichi_Amari,Q7505004,male,0,,2009.0
Scientist,Shun-Hui_Zhu,,,0,,
Scientist,Shun-ichi_Iwasaki,Q1673179,male,98,,2017.0
Scientist,Shuntian_Yao,,,0,,
Scientist,Shun’ichi_Yamada,,,0,,
Scientist,Shuqiang_Li,Q2381157,male,0,,2021.0
Scientist,Shuvo_Roy,Q11105050,male,0,,2011.0
Scientist,Shuvra_Gupta,,,0,,
Scientist,Shuzo_Izumi,,,0,,
Scientist,Shwetak_Patel,Q7505887,male,43,,2011.0
Scientist,Shya_Chitaley,Q16980338,female,95,,2013.0
Scientist,Shyam_Sundar_Rai,Q28062398,male,70,,2016.0
Scientist,Shyam_Sunder_Kapoor,Q29604372,male,86,,2017.0
Scientist,Shyam_Swarup_Agarwal,Q28864264,male,72,,2017.0
Scientist,Shyama_Charan_Dube,Q65706004,male,74,,2019.0
Scientist,Shyamaprasad_Mukherjee,Q7505973,male,85,,2012.0
Scientist,Shōnen_Matsumura,Q11104508,male,0,,2008.0
Scientist,Siamak_Rahpeyk,Q16052989,male,0,,2012.0
Scientist,Siamak_Yassemi,Q49001232,male,0,,2018.0
Scientist,Siamon_Gordon,Q7506761,male,86,,2011.0
Scientist,Sian_Beilock,Q16198523,female,48,,2014.0
Scientist,Siavash_Saffari,Q108881967,male,0,,2021.0
Scientist,Siavash_Shahshahani,Q7506899,male,0,,2006.0
Scientist,Sibella_Annie_Barrington,Q16030126,female,62,,2014.0
Scientist,Sibrandes_Poppema,Q38809308,male,75,,2017.0
Scientist,Sibyl_M._Rock,Q15095244,female,72,,2013.0
Scientist,Sibylle_Günter,Q2280989,female,60,,2015.0
Scientist,Siddharth_Batra,Q96002084,male,0,,
Scientist,Siddharth_Garg,Q105974262,male,0,,2021.0
Scientist,Siddhartha_Chib,Q91780484,male,0,,2020.0
Scientist,Siddhartha_Mukherjee,Q59750567,,54,,2010.0
Scientist,Siddhartha_Mukherjee,Q983450,male,54,,2010.0
Scientist,Siddhartha_Roy,Q27663696,male,70,,2016.0
Scientist,Siding_Spring_Survey,Q492918,,0,,2006.0
Scientist,Sidney_Altman,Q102266,male,83,,2002.0
Scientist,Sidney_Blatt,Q20273412,male,86,,2015.0
Scientist,Sidney_C._Wolff,Q29584600,female,0,,2017.0
Scientist,Sidney_Coleman,Q1357688,male,70,,2004.0
Scientist,Sidney_Dancoff,Q2281897,male,38,,2007.0
Scientist,Sidney_Darlington,Q176026,male,91,,2003.0
Scientist,Sidney_Drell,Q779433,male,90,,2005.0
Scientist,Sidney_Farber,Q2281920,male,70,,2005.0
Scientist,Sidney_Fay_Blake,Q2332170,male,67,,2012.0
Scientist,Sidney_Garfield,Q7509066,male,78,,2006.0
Scientist,Sidney_Gilchrist_Thomas,Q1353340,male,174,,2005.0
Scientist,Sidney_Graham,Q289450,male,74,,2006.0
Scientist,Sidney_Gross,Q22086722,male,0,,2015.0
Scientist,Sidney_H._Liebson,Q7509103,male,0,,2004.0
Scientist,Sidney_Hemming,Q61647323,female,0,,2021.0
Scientist,Sidney_Irving_Smith,Q3483326,male,83,,2005.0
Scientist,Sidney_Loeb,Q7509209,male,-16,,2008.0
Scientist,Sidney_M._Cadwell,Q16850234,male,93,,2013.0
Scientist,Sidney_Mintz,Q327017,male,93,,2006.0
Scientist,Sidney_Morgenbesser,Q2281955,male,83,,2004.0
Scientist,Sidney_Pestka,Q7509279,male,80,,2010.0
Scientist,Sidney_R._Coleman,,,0,,2006.0
Scientist,Sidney_Redner,Q7509301,male,0,,2006.0
Scientist,Sidney_Verba,Q1355609,male,87,,2006.0
Scientist,Sidney_W._Bijou,Q7509394,male,101,,2009.0
Scientist,Sidney_W._Fox,Q730814,male,112,,2005.0
Scientist,Sidney_Wade,Q7509396,female,0,,2007.0
Scientist,Sidney_Waxman,Q96760216,male,82,,2020.0
Scientist,Sidney_Yankauer,Q19665145,male,-92,,2015.0
Scientist,Sidnie_Manton,Q3483349,female,77,,2008.0
Scientist,Siegfried_Flügge,Q89028,male,0,,2008.0
Scientist,Siegfried_Huneck,Q21339157,male,83,,2022.0
Scientist,Siegfried_Hünig,,,0,,
Scientist,Siegfried_Linkwitz,Q7510660,male,83,,2007.0
Scientist,Siegfried_Oberndorfer,Q90867,male,148,,2008.0
Scientist,Siegfried_Passarge,Q105939,male,92,,2012.0
Scientist,Siegfried_S._Hecker,Q863571,male,81,,2006.0
Scientist,Siegmund_Gabriel,Q65143,male,73,,2008.0
Scientist,Siemion_Fajtlowicz,Q7510993,male,0,,2007.0
Scientist,Siemke_Böhnisch,Q112207829,female,0,,2022.0
Scientist,Siemon_Muller,Q19309128,male,124,,2018.0
Scientist,Sierd_Cloetingh,Q1675109,male,74,,2014.0
Scientist,Sigal_Gottlieb,Q56855422,female,0,,2018.0
Scientist,Sigal_Gottlieb,Q60055704,,0,,2018.0
Scientist,Sigbjorn_Hervik,,,0,,
Scientist,Sigekatu_Kuroda,Q15453789,male,67,,2018.0
Scientist,Sigeru_Mizohata,Q11564508,male,78,,2017.0
Scientist,Sigismund_Friedrich_Hermbstädt,Q216628,male,0,,2015.0
Scientist,Sigma_Iota_Epsilon,Q16238324,,0,,2006.0
Scientist,Sigmund_Diamond,,,0,,
Scientist,Sigmund_Freud,Q9215,male,83,,2001.0
Scientist,Sigmund_Riefler,Q99897,male,65,,2010.0
Scientist,Sigmund_Schenkling,Q828055,male,0,,2008.0
Scientist,Sigmund_von_Hochenwarth,Q98970930,male,0,,2020.0
Scientist,Signithia_Fordham,Q28005665,female,0,,2016.0
Scientist,Sigrid_D._Peyerimhoff,Q56179,female,0,,2005.0
Scientist,Sigrid_Norris,Q56065126,female,0,,2018.0
Scientist,Sigrid_Quack,Q16192889,female,0,,2013.0
Scientist,Sigrid_Schmitz,Q38248397,female,0,,2017.0
Scientist,Sigrid_Veasey,Q56072132,female,0,,2018.0
Scientist,Sigrun_I._Korsching,,,0,,
Scientist,Sigurd_Hofmann,Q109697,male,78,,2009.0
Scientist,Sigurd_Schmidt,Q3960443,male,91,,2010.0
Scientist,Sigurd_Zienau,Q7513303,male,-48,,2008.0
Scientist,Sigurdur_Helgason_(mathematician),Q1601312,male,0,,2016.0
Scientist,Sigurður_Þórarinsson,Q3482070,male,71,,2007.0
Scientist,Sigve_Tjøtta,Q7513374,male,94,,2009.0
Scientist,Sihai_Yang,Q56855469,male,0,,2021.0
Scientist,Sihem_Amer-Yahia,Q93377981,female,0,,2020.0
Scientist,Sijbren_Otto,Q21546706,male,53,,2020.0
Scientist,Sijfert_Hendrik_Koorders,Q4232763,male,56,,2021.0
Scientist,Sijue_Wu,Q2285525,female,60,,2015.0
Scientist,Sikhulile_Moyo,Q56990380,male,0,,2021.0
Scientist,Sikivu_Hutchinson,Q7513761,female,0,,2011.0
Scientist,Silas_D._Alben,Q7514135,male,0,,2008.0
Scientist,Silas_Weir_Mitchell_(physician),Q1283916,male,85,,2004.0
Scientist,Silja_Vöneky,Q1456933,female,55,,2015.0
Scientist,Silke_Bühler-Paschen,Q2286160,female,0,,2020.0
Scientist,Silke_Ospelkaus,Q21264669,female,0,,2022.0
Scientist,Silvan_S._Schweber,Q1279110,male,0,,2016.0
Scientist,Silvan_Tomkins,Q571698,male,80,,2005.0
Scientist,Silvana_Cardoso,Q66472688,female,0,,2019.0
Scientist,Silvano_Canzoneri,Q7515714,male,0,,2009.0
Scientist,Silvanus_P._Thompson,Q706571,male,173,,2004.0
Scientist,Silvia_Arber,Q14625051,female,0,,2013.0
Scientist,Silvia_Blair,Q62592544,female,0,,2020.0
Scientist,Silvia_Bolland,Q105108328,female,0,,2021.0
Scientist,Silvia_Ferrari,Q60023075,female,0,,2019.0
Scientist,Silvia_Frisia,Q56524734,female,0,,2021.0
Scientist,Silvia_Giordani,Q41362979,female,0,,2021.0
Scientist,Silvia_Harmsen,,,0,,
Scientist,Silvia_Picozzi,Q105549634,female,0,,2021.0
Scientist,Silvia_Vignolini,Q21402763,female,0,,2021.0
Scientist,Silvie_Huijben,Q63532934,female,0,,2019.0
Scientist,Silvio_Bedini,Q3960834,male,90,,2006.0
Scientist,Silvio_Micali,Q93080,male,70,,2005.0
Scientist,Silvius_Rus,,,0,,
Scientist,Sima_Marković,Q1267207,male,0,,2020.0
Scientist,Simeon_Burt_Wolbach,Q7517577,male,144,,2012.0
Scientist,Simeon_De_Witt,Q346218,male,78,,2005.0
Scientist,Simin_Davoudi,Q7517836,female,67,,2008.0
Scientist,Simin_Liu,Q25999435,male,0,,2016.0
Scientist,Simion_Filip,Q55973697,male,0,,2021.0
Scientist,Simion_Stoilow,Q550775,male,74,,2007.0
Scientist,Simon_A._Levin,Q3819820,male,83,,2006.0
Scientist,Simon_Baron-Cohen,Q918343,male,66,,2004.0
Scientist,Simon_Biesheuvel,Q96279597,male,116,,2020.0
Scientist,Simon_Boulton,Q7518314,male,0,,2011.0
Scientist,Simon_Brendle,Q98244,male,0,,2012.0
Scientist,Simon_Campbell,Q7518409,male,83,,2011.0
Scientist,Simon_Carpenter,Q7518418,male,0,,2011.0
Scientist,Simon_Catterall,Q30068266,male,0,,2017.0
Scientist,Simon_Conway_Morris,Q286098,male,73,,2005.0
Scientist,Simon_Devitt,Q59474327,male,43,,2018.0
Scientist,Simon_Donaldson,Q334039,male,67,,2004.0
Scientist,Simon_El'evich_Shnoll,,,0,,2012.0
Scientist,Simon_Fishel,Q18206808,male,71,,2014.0
Scientist,Simon_Fisher,Q7518750,male,54,,2012.0
Scientist,Simon_Flexner,Q984262,male,83,,2001.0
Scientist,Simon_Gaskell,Q7518828,male,74,,2010.0
Scientist,Simon_Hall_(chemist),Q89653284,male,55,,2020.0
Scientist,Simon_Hayhoe,Q7518934,male,0,,2009.0
Scientist,Simon_Hayhoe,Q91249222,,0,,2009.0
Scientist,Simon_Henry_Gage,Q7518947,male,93,,2012.0
Scientist,Simon_Hullihen,Q7519005,male,47,,2007.0
Scientist,Simon_I._Hay,Q15994492,male,53,,2014.0
Scientist,Simon_J._Bending,Q110724206,male,67,,2022.0
Scientist,Simon_J._Hall,Q7519040,male,0,,2010.0
Scientist,Simon_Kasif,,,0,,
Scientist,Simon_Klemperer,Q59847180,male,0,,2022.0
Scientist,Simon_Kochen,,,0,,2012.0
Scientist,Simon_LeVay,Q2287664,male,81,,2005.0
Scientist,Simon_Leather,Q21063084,male,0,,2015.0
Scientist,Simon_Lilly,Q18124316,male,0,,2014.0
Scientist,Simon_Marius,Q76684,male,52,,2003.0
Scientist,Simon_Martin_(Mayanist),Q7519297,male,0,,2008.0
Scientist,Simon_Mitton,Q3484386,male,78,,2009.0
Scientist,Simon_N._Powell,Q7519414,male,69,,2011.0
Scientist,Simon_Newcomb,Q164401,male,74,,2004.0
Scientist,Simon_Ostrach,Q7519470,male,94,,2007.0
Scientist,Simon_Ourian,Q55314818,male,58,,2018.0
Scientist,Simon_P._Norton,Q381359,male,67,,2005.0
Scientist,Simon_Pallas,Q7519481,male,-254,,2008.0
Scientist,Simon_Patten,Q6037233,male,70,,2007.0
Scientist,Simon_Paul_Hilscher,,,0,,
Scientist,Simon_Peyton_Jones,Q92949,male,66,,2006.0
Scientist,Simon_Pollak,Q27825411,male,89,,2016.0
Scientist,Simon_Ramo,Q2918925,male,103,,2004.0
Scientist,Simon_S._Lam,Q4678408,male,77,,2005.0
Scientist,Simon_Schaffer,Q547039,male,69,,2005.0
Scientist,Simon_Segars,Q16864476,male,57,,2014.0
Scientist,Simon_Shnoll,Q4525854,male,91,,2010.0
Scientist,Simon_Singh__Simon_Singh__1,,,60,,
Scientist,Simon_Southerton,Q7519804,male,0,,2007.0
Scientist,Simon_Spitzer,Q40566172,male,61,,2021.0
Scientist,Simon_Stringer,Q56876922,male,0,,2018.0
Scientist,Simon_Tavaré,Q15990313,male,72,,2013.0
Scientist,Simon_Thornley,Q91487454,male,0,,2021.0
Scientist,Simon_Thrush,Q18218088,male,66,,2014.0
Scientist,Simon_Wessely,Q15439895,male,0,,2005.0
Scientist,Simon_White,Q549293,male,73,,2008.0
Scientist,Simon_van_der_Meer,Q104779,male,86,,2004.0
Scientist,Simona_Bordoni,Q59667340,female,0,,2019.0
Scientist,Simone_Badal-McCreath,Q42336750,female,0,,2017.0
Scientist,Simone_Buitendijk,Q23505300,female,0,,2019.0
Scientist,Simone_Gold,Q100526292,female,0,,2021.0
Scientist,Simone_Schürle-Finke,Q92549687,female,39,,2020.0
Scientist,Simone_Severini,Q34022830,male,0,,2017.0
Scientist,Simone_Techert,Q21264694,female,0,,2020.0
Scientist,Simson_Garfinkel,Q7521264,male,0,,2004.0
Scientist,Simukai_Chigudu,Q96244312,male,0,,2020.0
Scientist,Siméon_Denis_Poisson,Q190772,male,59,,2002.0
Scientist,Siméon_Poisson,,,0,,2002.0
Scientist,Sin-Itiro_Tomonaga,Q184563,male,0,,2016.0
Scientist,Sina_Aboutorabi,,,0,,
Scientist,Sinah_Estelle_Kelley,Q19564331,female,66,,2015.0
Scientist,Sinclairs_Bay,Q7522072,,0,,2011.0
Scientist,Sinead_Farrington,Q42618956,female,0,,2020.0
Scientist,Sinéad_Griffin,Q53568222,female,0,,2018.0
Scientist,Siobhan_O'Mahony,,,0,,
Scientist,Siobhan_Wescott,Q111017864,female,0,,2022.0
Scientist,Siouxsie_Wiles,Q25340744,female,0,,2016.0
Scientist,"Sir_Andrew_Noble,_1st_Baronet",Q1106331,male,84,,2004.0
Scientist,"Sir_Benjamin_Collins_Brodie,_1st_Baronet",Q693204,male,79,,2005.0
Scientist,"Sir_Benjamin_Collins_Brodie,_2nd_Baronet",Q817438,male,63,,2006.0
Scientist,"Sir_Frederick_Treves,_1st_Baronet",Q1348700,male,70,,2005.0
Scientist,"Sir_George_Stokes,_1st_Baronet",Q155907,male,84,,2003.0
Scientist,Sir_Gilbert_Blane,,,0,,2004.0
Scientist,"Sir_James_Reid,_1st_Baronet",Q7527480,male,74,,2012.0
Scientist,"Sir_James_Wylie,_1st_Baronet",Q1681328,male,86,,2015.0
Scientist,"Sir_John_Conroy,_3rd_Baronet",Q14945409,male,55,,2012.0
Scientist,Sir_John_Kingman,,,0,,2005.0
Scientist,Sir_John_Lennard-Jones,,,0,,2003.0
Scientist,"Sir_John_Pringle,_1st_Baronet",Q1348255,male,75,,2004.0
Scientist,"Sir_John_Pringle,_1st_Baronet",Q1559717,,75,,2004.0
Scientist,Sir_Martin_Ryle,,,0,,2003.0
Scientist,"Sir_Philip_Crampton,_1st_Baronet",Q7528479,male,81,,2010.0
Scientist,Sir_Reginald_Patrick_Linstead,,,0,,2011.0
Scientist,"Sir_Richard_Griffith,_1st_Baronet",Q454700,male,240,,2004.0
Scientist,"Sir_Robert_Hutchison,_1st_Baronet",Q14948960,male,89,,2013.0
Scientist,"Sir_Robert_Jones,_1st_Baronet",Q7346178,male,76,,2010.0
Scientist,Sir_Samuel_Frederick_Edwards,,,0,,2007.0
Scientist,"Sir_Thomas_Molyneux,_1st_Baronet",Q7529211,male,72,,2008.0
Scientist,"Sir_William_Bowman,_1st_Baronet",Q1352869,male,76,,2004.0
Scientist,Sir_William_Bragg,,,0,,2004.0
Scientist,"Sir_William_Herschel,_2nd_Baronet",Q1370601,male,84,,2006.0
Scientist,"Sir_William_Jardine,_7th_Baronet",Q729969,male,74,,2004.0
Scientist,Sir_William_Ramsay,,,0,,2002.0
Scientist,Sirarpie_Der_Nersessian,Q4455404,female,93,,2008.0
Scientist,Siroos_Mirzaei,Q100512088,,61,,2016.0
Scientist,Siroos_Mirzaei,Q26465218,male,61,,2016.0
Scientist,Sirpa_Jalkanen,Q11893731,female,70,,2015.0
Scientist,Sirry_Alang,Q91245169,female,0,,2020.0
Scientist,Sirshendu_De,Q7530629,male,57,,2011.0
Scientist,Sisir_Kumar_Mitra,Q7530836,male,73,,2005.0
Scientist,Sitaram_Rao_Valluri,Q7531695,male,100,,2012.0
Scientist,Siti_Aisyah_Alias,Q26251113,female,58,,2016.0
Scientist,Siv_G._E._Andersson,Q111173216,,0,,2022.0
Scientist,Siva_Athreya,Q16885710,male,0,,2013.0
Scientist,Siva_Umapathy,Q27924805,male,65,,2016.0
Scientist,Sivanandi_Rajadurai,Q21229761,male,73,,2015.0
Scientist,Sivaramakrishna_Chandrasekhar__Sivaramakrishna_Chandrasekhar__1,,,74,,
Scientist,Sivasubramanian_Srikantan,Q39057683,male,73,,2017.0
Scientist,Sixin_Zeng,,,0,,
Scientist,Sixto_González,Q7533230,male,0,,2005.0
Scientist,Sixto_Ríos,Q6130225,male,0,,2016.0
Scientist,Siyabulela_Xuza,Q47359688,female,0,,2018.0
Scientist,Sjeng_Kerbusch,Q7533530,male,-33,,2008.0
Scientist,Sjors_Scheres,Q30128782,male,0,,2018.0
Scientist,Skef_Wholey,,,0,,
Scientist,Skip_Garibaldi,Q7535663,male,0,,2011.0
Scientist,Skip_Palenik,Q7535707,male,0,,2010.0
Scientist,Skyrmion,Q1041630,,0,,2004.0
Scientist,Slava_Gerovitch,Q23879655,male,0,,2015.0
Scientist,Slava_Turyshev,Q7539113,male,0,,2009.0
Scientist,Slavik_Tabakov,Q23762783,male,0,,2016.0
Scientist,Slavko_Krajcar,Q114984383,male,70,,2022.0
Scientist,Slavko_Kremenšek,Q7539433,male,93,,2012.0
Scientist,Slavo_Kukić,Q2293866,male,70,,2011.0
Scientist,Slayton_A._Evans_Jr.,Q64513698,male,58,,2020.0
Scientist,Slobodan_Aljančić,Q4178841,male,0,,2012.0
Scientist,Slobodan_Antonić,Q11058773,male,65,,2020.0
Scientist,Smadar_Naoz,Q24890712,female,0,,2016.0
Scientist,Smarajit_Bose,,,0,,
Scientist,Smilja_Mučibabić,Q20557778,female,94,,2020.0
Scientist,Smörgåskaviar,Q3487092,,0,,2011.0
Scientist,Snegulka_Detoni,Q26936268,female,95,,2018.0
Scientist,Snehasikta_Swarnakar,Q46788566,male,0,,2017.0
Scientist,Snejina_Michailova,Q56065123,female,0,,2018.0
Scientist,Snell_Putney,Q7547623,male,80,,2012.0
Scientist,Snezhana_Abarzhi,Q101243255,female,0,,2020.0
Scientist,Snowden_D._Flora,Q7548572,male,0,,2008.0
Scientist,So-Jung_Park,Q72419233,female,0,,2019.0
Scientist,Socrates_Tzartos,Q60736964,male,0,,2019.0
Scientist,Soejatmi_Dransfield,Q5481305,female,0,,2019.0
Scientist,Sofia_Feltzing,Q4947795,female,59,,2019.0
Scientist,Sofia_Kovalevskaya,Q184535,female,0,,2019.0
Scientist,Sofia_Niyozova,Q43820430,female,105,,2017.0
Scientist,Sofia_Quaglioni,Q91142295,female,0,,2022.0
Scientist,Sofia_Simmonds,Q15989734,female,90,,2014.0
Scientist,Sofija_Grandakovska,Q107212291,female,0,,2021.0
Scientist,Software_categories,Q17155032,,0,,2011.0
Scientist,Sofya_Georgiyevna_Tamamshyan,Q6132455,female,123,,2019.0
Scientist,Sofya_Kovalevskaya,Q184535,female,41,,2002.0
Scientist,Sofya_Raskhodnikova,Q68499036,female,0,,2019.0
Scientist,Sofía_Calero,Q42233527,female,0,,2022.0
Scientist,Soha_Hassoun,Q70040821,female,0,,2019.0
Scientist,Sohaila_Rastan,,,0,,
Scientist,Sohini_Ramachandran,Q77009699,female,0,,2022.0
Scientist,Sokoni_Karanja,Q7555293,male,84,,2010.0
Scientist,Sol_Garfunkel,Q7555525,male,0,,2006.0
Scientist,Sol_Spiegelman,Q735982,male,69,,2007.0
Scientist,Sol_Tax,Q2407131,male,88,,2005.0
Scientist,Solange_Ghernaouti,Q16267466,female,66,,2014.0
Scientist,Solange_Paiva_Vieira,Q10373003,female,0,,2020.0
Scientist,Soledad_Bianchi,Q19873382,female,0,,2015.0
Scientist,Soledad_Florendo,Q44005447,female,121,,2017.0
Scientist,Solipuram_Madhusudhan_Reddy,Q22279951,male,84,,2015.0
Scientist,"Solly_Zuckerman,_Baron_Zuckerman",Q336650,male,89,,2005.0
Scientist,Solomon_Asch,Q316142,male,89,,2003.0
Scientist,Solomon_Feferman,Q957416,male,88,,2003.0
Scientist,Solomon_G._Mikhlin,,,0,,2009.0
Scientist,Solomon_Guramatunhu,Q17579993,male,0,,2014.0
Scientist,Solomon_H._Snyder,Q1681665,male,86,,2005.0
Scientist,Solomon_Kullback,Q896641,male,87,,2004.0
Scientist,Solomon_Lefschetz,Q371942,male,88,,2003.0
Scientist,Solomon_Marcus,Q2916632,male,91,,2005.0
Scientist,Solomon_Mikhlin,Q324680,male,82,,2009.0
Scientist,Solomon_Pekar,Q4348064,male,68,,2012.0
Scientist,Solomon_Saltiel,Q3656923,male,62,,2009.0
Scientist,Solomon_Snyder,,,0,,2007.0
Scientist,Solomon_W._Golomb,Q1398547,male,84,,2005.0
Scientist,Solon_Irving_Bailey,Q1399047,male,77,,2004.0
Scientist,Solon_Toothaker_Kimball,Q7558824,male,115,,2005.0
Scientist,Somak_Raychaudhury,Q7559132,male,0,,2007.0
Scientist,Somdatta_Sinha,Q15077896,female,0,,2013.0
Scientist,Somnath_Bharadwaj,Q3489966,male,60,,2006.0
Scientist,Somnath_Ghosh,Q106298769,male,0,,2021.0
Scientist,Somsak_Chunharas,Q20564027,male,71,,2017.0
Scientist,SonBinh_Nguyen,Q7560559,male,0,,2009.0
Scientist,Sona_Akhundova-Bagirbekova,Q12845834,female,0,,2020.0
Scientist,Sonali_Shah_(professor),,,0,,
Scientist,"Sonata_in_C_major_for_piano_four-hands,_D_812_(Schubert)",Q5594517,,0,,2006.0
Scientist,Sondra_Schlesinger,Q26701481,female,90,,2016.0
Scientist,Song_Erwei,Q51105722,male,0,,2019.0
Scientist,Song_Ho-young,Q16012722,male,70,,2013.0
Scientist,Song_Lin_(chemist),Q111947843,male,0,,2022.0
Scientist,Song_Wencong,Q7561054,male,86,,2007.0
Scientist,Song_Yonghua,Q8290569,male,0,,2023.0
Scientist,Songi_Han,Q113954240,female,0,,2022.0
Scientist,Soni_Oyekan,Q7561673,male,75,,2006.0
Scientist,Sonia_Altizer,Q19668550,female,0,,2015.0
Scientist,Sonia_Cotelle,Q16224115,female,49,,2017.0
Scientist,Sonia_Gandhi_(scientist),Q67390619,female,0,,2020.0
Scientist,Sonia_Guimarães,Q55704831,female,67,,2019.0
Scientist,Sonia_Hernández-Díaz,Q106515031,female,0,,2021.0
Scientist,Sonia_Kreidenweis,Q58316063,female,0,,2019.0
Scientist,Sonia_Mary_Cole,Q7561734,female,0,,2011.0
Scientist,Sonia_Mazey,Q55949970,female,0,,2018.0
Scientist,Sonia_Ribes-Beaudemoulin,Q56512039,female,0,,2021.0
Scientist,Sonia_Álvarez_Leguizamón,Q1670263,female,70,,2015.0
Scientist,Sonja_Ashauer,Q16930347,female,101,,2015.0
Scientist,Sonja_Berndt,Q109521956,female,0,,2022.0
Scientist,Sonja_Boehmer-Christiansen,Q7561897,female,0,,2005.0
Scientist,Sonja_Buckley,Q60379012,female,106,,2019.0
Scientist,Sonja_Lyubomirsky,Q2906372,female,58,,2009.0
Scientist,Sonja_M._Best,Q88974709,female,0,,2020.0
Scientist,Sonja_Petrović_(statistician),Q102340857,female,0,,2021.0
Scientist,Sonja_Smets,Q67157799,female,0,,2019.0
Scientist,Sonja_Vernes,Q55704484,female,0,,2022.0
Scientist,Sonya_Dyhrman,Q107706661,female,0,,2021.0
Scientist,Sonya_Legg,Q111700091,female,0,,2022.0
Scientist,Soo-Bong_Kim,Q12587840,male,0,,2011.0
Scientist,Soo_A._Kim_(08),,,0,,
Scientist,Soodabeh_Davaran,Q19810550,female,0,,2015.0
Scientist,Sookyung_Choi,Q60618812,female,0,,2019.0
Scientist,Soon-Tahk_Choh,,,0,,
Scientist,Soorjo_Coomar_Goodeve_Chuckerbutty,Q7562749,male,-150,,2006.0
Scientist,Sophia_Ananiadou,Q30318445,female,0,,2017.0
Scientist,Sophia_Brahe,Q56029,female,465,,2006.0
Scientist,Sophia_Drossopoulou,Q4815312,female,0,,2008.0
Scientist,Sophia_Eckerson,Q16750706,female,-70,,2014.0
Scientist,Sophia_Frangou,Q7562874,female,0,,2010.0
Scientist,Sophia_Hayden,Q7562886,female,85,,2006.0
Scientist,Sophia_Jex-Blake,Q452029,female,72,,2004.0
Scientist,Sophia_Kleegman,Q21595082,female,70,,2015.0
Scientist,Sophie_Carenco,Q57081080,female,0,,2019.0
Scientist,Sophie_Charlotte_Ducker,Q21510988,female,115,,2015.0
Scientist,Sophie_G._Martin,Q21264712,female,0,,2022.0
Scientist,Sophie_Germain,Q7103,female,55,,2001.0
Scientist,Sophie_Jamal,Q105746267,female,58,,2021.0
Scientist,Sophie_LaRochelle,Q73768451,female,0,,2020.0
Scientist,Sophie_Morel,Q1391052,female,0,,2012.0
Scientist,Sophie_Nowicki,Q59292591,female,0,,2018.0
Scientist,Sophie_Schwartz,Q52280679,female,59,,2021.0
Scientist,Sophie_Scott,Q17278767,female,58,,2014.0
Scientist,Sophie_Spitz,Q4794271,female,0,,2009.0
Scientist,Sophie_Warny,Q26274929,female,0,,2016.0
Scientist,Sophie_Wilson__Sophie_Wilson__1,,,0,,
Scientist,Sophien_Kamoun,Q19945113,male,59,,2018.0
Scientist,Sophus_Lie,Q30769,male,57,,2002.0
Scientist,Sora_Park_Tanjasiri,Q84773381,female,0,,2020.0
Scientist,Sorelle_Friedler,Q104473726,female,0,,2020.0
Scientist,Sorin_Draghici,Q27967769,male,0,,2016.0
Scientist,Sorin_Popa,Q2303384,male,71,,2015.0
Scientist,Soromini_Kallichurum,Q27589830,female,0,,2016.0
Scientist,Soroosh_Sorooshian,Q16885804,male,0,,2013.0
Scientist,Sos_Alikhanian,Q4062466,male,79,,2012.0
Scientist,Sosigenes_(astronomer),Q316867,male,0,,2005.0
Scientist,Sossina_M._Haile,Q7563919,female,58,,2009.0
Scientist,Souad_Naji_Al-Azzawi,Q64744642,female,0,,2019.0
Scientist,Soumen_Basak,Q60316456,male,0,,2018.0
Scientist,Soumen_Chakrabarti,Q18218032,male,0,,2014.0
Scientist,Soumitro_Banerjee,Q28595350,male,64,,2017.0
Scientist,Soumya_Raychaudhuri,Q29839633,male,49,,2020.0
Scientist,Souradyuti_Paul,Q7565091,male,0,,2007.0
Scientist,Sourav_Chatterjee,Q7565096,male,45,,2009.0
Scientist,Sourav_Pal,Q7565099,male,0,,2010.0
Scientist,Sow-Hsin_Chen,Q7571838,male,-3,,2011.0
Scientist,Space_medicine,Q1430622,,0,,2006.0
Scientist,Spacewatch,Q213563,,0,,2004.0
Scientist,Spark_(fire),Q911679,,0,,2010.0
Scientist,Spencer_Barrett_(evolutionary_biologist),Q2426542,male,76,,2016.0
Scientist,Spencer_Bloch,Q1602226,male,0,,2010.0
Scientist,Spencer_Bloch__Spencer_Bloch__1,,,80,,
Scientist,Spencer_G._Lucas,Q3820304,male,0,,2005.0
Scientist,Spencer_MacCallum,Q7576124,male,-10,,2004.0
Scientist,Spencer_Silver,Q7576179,male,80,,2006.0
Scientist,Spencer_Wells,Q3595861,male,0,,2005.0
Scientist,Spencer_Wells__Spencer_Wells__1,,,55,,
Scientist,Spencer_Wharton_Brown,Q21506548,male,59,,2019.0
Scientist,Sperrin_N.F._Chant,Q99310514,male,0,,2020.0
Scientist,Spiridon_Brusina,Q2741745,male,64,,2011.0
Scientist,Spiridoula_Matsika,Q87674455,female,0,,2021.0
Scientist,Spiros_Cotsakis,,,0,,
Scientist,Spiros_Zervos,,,0,,
Scientist,Spiru_Haret,Q2576756,male,61,,2004.0
Scientist,Spyridon_Marinatos,Q965073,male,73,,2004.0
Scientist,Spyros_Alexakis,,,0,,
Scientist,Squire_Booker,Q29453269,male,59,,2017.0
Scientist,Srabanti_Chowdhury,Q90690032,female,0,,2022.0
Scientist,Srdjan_Stankovic,Q2315362,male,60,,2022.0
Scientist,Sree_Bhushan_Raju,Q22279867,male,0,,2016.0
Scientist,Sreekar_Shastry,,,0,,
Scientist,Sreten_Vukosavljević,Q794543,male,79,,2016.0
Scientist,SreyRam_Kuy,Q48215011,female,0,,2019.0
Scientist,Sreyashi_Jhumki_Basu,Q7585761,female,0,,2011.0
Scientist,Sri_Niwas,Q28047836,male,-12,,2016.0
Scientist,Sri_Sarma,Q42559467,female,0,,2017.0
Scientist,Sridhar_Condoor,Q16728162,male,0,,2013.0
Scientist,Sridhar_Tayur,Q7586363,male,0,,2012.0
Scientist,Srikanth_Sastry__Srikanth_Sastry__1,,,0,,
Scientist,Srikumar_Banerjee,Q7586403,male,75,,2006.0
Scientist,Srinivas_Aluru,Q44476196,male,0,,2017.0
Scientist,Srinivas_Kishanrao_Saidapur,Q27662506,male,77,,2016.0
Scientist,Srinivas_Sridhar,Q97958352,male,0,,2020.0
Scientist,Srinivasa_Ramanujan,Q83163,male,33,,2002.0
Scientist,Srinivasa_Sourirajan,,,0,,
Scientist,Srinivasacharya_Raghavan,Q7586458,male,90,,2008.0
Scientist,Srinivasan_Chandrasekaran,Q27909512,male,79,,2016.0
Scientist,Srinivasan_Keshav,Q7586460,male,0,,2005.0
Scientist,Srinivasan_Ramachandran,Q46893785,male,0,,2017.0
Scientist,Srinivasan_Ramakrishnan,Q60671321,male,0,,2021.0
Scientist,Srinivasan_Sampath,Q27947733,male,63,,2016.0
Scientist,Sriram_Ramaswamy,Q24052686,male,67,,2016.0
Scientist,Srubabati_Goswami,Q15146768,female,58,,2019.0
Scientist,St._George_Jackson_Mivart,Q1386779,male,73,,2003.0
Scientist,St._George_Littledale,Q7588208,male,80,,2007.0
Scientist,Stabat_Mater_(art),Q7595702,,0,,2009.0
Scientist,Stacey_Bent,Q50137370,female,0,,2018.0
Scientist,Stacey_Finley,Q82523899,female,0,,2021.0
Scientist,Stacey_Gabriel,Q32649203,female,0,,2019.0
Scientist,Stacey_Missmer,Q91277908,female,0,,2021.0
Scientist,Stacey_Sinclair,Q58755196,female,53,,2018.0
Scientist,Staci_Bilbo,Q90106017,female,0,,2020.0
Scientist,Staci_Simonich,Q88841322,female,0,,2022.0
Scientist,Stacy_Mader,Q96198242,male,0,,2020.0
Scientist,Stacy_McGaugh,Q3495460,male,60,,2009.0
Scientist,Stacy_Philpott,Q51183227,female,0,,2022.0
Scientist,Staffan_Ulfstrand,,,0,,
Scientist,Stafford_Beer,Q796226,male,76,,2002.0
Scientist,Stafford_Lightman,Q7596640,male,76,,2006.0
Scientist,Stamatios_D._Krinos,Q114877640,male,-138,,2022.0
Scientist,Stamen_Grigorov,Q382140,male,67,,2005.0
Scientist,Stan_Ackermans,Q2516479,male,59,,2010.0
Scientist,Stan_Boutin,Q18921462,male,0,,2015.0
Scientist,Stan_Cowley,Q18245351,male,0,,2018.0
Scientist,Stan_Deno,Q41180494,male,-8,,2017.0
Scientist,Stan_Frankel,Q7597638,male,0,,2006.0
Scientist,Stan_Franklin,Q7597639,male,93,,2005.0
Scientist,Stan_London,Q7597765,male,95,,2008.0
Scientist,Stanford_Cade,Q7598721,male,78,,2009.0
Scientist,Stanford_J._Shaw,Q2007455,male,76,,2007.0
Scientist,Stanford_Lyman,Q77772503,male,91,,2019.0
Scientist,Stanford_Moore,Q110952,male,69,,2004.0
Scientist,Stanford_S._Penner,Q15918765,male,95,,2017.0
Scientist,Stanislao_Cannizzaro,Q128759,male,198,,2004.0
Scientist,Stanislao_Loffreda,Q9341480,male,92,,2016.0
Scientist,Stanislas_Dehaene,Q543380,male,59,,2006.0
Scientist,Stanislas_Julien,Q373633,male,76,,2004.0
Scientist,Stanislas_Leibler,Q15432942,male,0,,2016.0
Scientist,Stanislas_Lyonnet,Q7598948,male,0,,2012.0
Scientist,Stanislaus_S._Uyanto,Q7598966,male,0,,2012.0
Scientist,Stanislav_Brebera,Q705292,male,87,,2009.0
Scientist,Stanislav_Drobyshevsky,Q16514928,male,46,,2022.0
Scientist,Stanislav_Grof,Q508620,male,93,,2003.0
Scientist,Stanislav_Kudzh,Q16668178,male,45,,2021.0
Scientist,Stanislav_Mikheyev,Q2331222,male,-13,,2008.0
Scientist,Stanislav_Molchanov,Q30344110,male,84,,2019.0
Scientist,Stanislav_Smirnov,Q333948,male,54,,2009.0
Scientist,Stanislaw_Loria,,,0,,
Scientist,Stanislaw_Ulam,Q234357,male,75,,2023.0
Scientist,Stanisław_Barcewicz,Q2276808,male,71,,2013.0
Scientist,Stanisław_Bańka,,,0,,
Scientist,Stanisław_Bielecki,Q9341609,male,78,,2015.0
Scientist,Stanisław_Bolkowski,Q9341636,male,92,,2021.0
Scientist,Stanisław_Błeszyński,Q17626501,male,42,,2014.0
Scientist,Stanisław_Flejterski,Q7599133,male,0,,2011.0
Scientist,Stanisław_Gołąb,Q354075,male,78,,2006.0
Scientist,Stanisław_Hartman,,,0,,
Scientist,Stanisław_Knapowski,Q37735232,male,36,,2019.0
Scientist,Stanisław_Komorowski,Q1720300,male,57,,2010.0
Scientist,Stanisław_Kuczborski,Q7599177,male,92,,
Scientist,Stanisław_Leśniewski,Q528493,male,53,,2004.0
Scientist,Stanisław_Mazur,Q637176,male,76,,2004.0
Scientist,Stanisław_Mrozowski,Q9342627,male,0,,2005.0
Scientist,Stanisław_Mrówka,,,0,,
Scientist,Stanisław_Ruziewicz,Q473551,male,52,,2005.0
Scientist,Stanisław_Saks,Q94014,male,127,,2003.0
Scientist,Stanisław_Smreczyński,Q7599225,male,0,,2008.0
Scientist,Stanisław_Trybuła,Q7599241,male,76,,2008.0
Scientist,Stanisław_Zaremba_(mathematician),Q896660,male,79,,2004.0
Scientist,Stanisław_Łojasiewicz,Q1800585,male,76,,2004.0
Scientist,Stanisław_Świerczkowski,Q23945370,male,83,,2016.0
Scientist,Stanisława_Nikodym,Q92846557,female,127,,2019.0
Scientist,Stanley_A._Klein,Q7599418,male,0,,2009.0
Scientist,Stanley_Andrisse,Q107580010,male,0,,2021.0
Scientist,Stanley_Awramik,Q16499723,male,0,,2013.0
Scientist,Stanley_B._Mulaik,Q22114001,male,122,,2017.0
Scientist,Stanley_B._Prusiner,Q155380,male,82,,2002.0
Scientist,Stanley_Biber,Q7599476,male,83,,2006.0
Scientist,Stanley_Cobb,Q7599527,male,81,,2006.0
Scientist,Stanley_Cohen_(biochemist),Q232299,male,98,,2004.0
Scientist,Stanley_Cohen_(physicist),Q16090481,male,90,,2013.0
Scientist,Stanley_Corrsin,Q7599544,male,66,,2010.0
Scientist,Stanley_Coulter,Q7599536,male,0,,2005.0
Scientist,Stanley_Davidson,Q14948914,male,87,,2013.0
Scientist,Stanley_Deser,Q2331679,male,0,,2008.0
Scientist,Stanley_Dudrick,Q55945743,male,85,,2020.0
Scientist,Stanley_E._Trauth,Q18965363,male,76,,2015.0
Scientist,Stanley_Engerman,Q2331687,male,88,,2005.0
Scientist,Stanley_Farlow,Q52714833,male,0,,2018.0
Scientist,Stanley_Fields_(biologist),Q7599599,male,0,,2008.0
Scientist,Stanley_Gelbier,Q29645835,male,0,,2018.0
Scientist,Stanley_Gerald_Thompson,Q3068373,male,0,,2011.0
Scientist,Stanley_Graham_(psychologist),Q18686448,male,98,,2014.0
Scientist,Stanley_Hoffmann,Q555421,male,87,,2006.0
Scientist,Stanley_J.F._Philpott,Q97930124,male,0,,2020.0
Scientist,Stanley_J._Korsmeyer,Q138795,male,74,,2005.0
Scientist,Stanley_Jaki,Q918438,male,85,,2005.0
Scientist,Stanley_Jeyaraja_Tambiah,Q3496837,male,85,,2006.0
Scientist,Stanley_L._Kaufman,,,0,,
Scientist,Stanley_M._Burstein,Q28756431,male,83,,2017.0
Scientist,Stanley_Mandelstam,Q348152,male,88,,2006.0
Scientist,Stanley_Mazor,Q2442751,male,83,,2009.0
Scientist,Stanley_Michael_Gartler,Q7599797,male,101,,2006.0
Scientist,Stanley_Miller,Q130347,male,77,,2002.0
Scientist,Stanley_Norman_Cohen,Q741299,male,89,,2005.0
Scientist,Stanley_Osher,Q470518,male,82,,2005.0
Scientist,Stanley_Peart,Q8018733,male,97,,2009.0
Scientist,Stanley_Perlman,Q57438616,male,0,,2020.0
Scientist,Stanley_Plotkin,Q7599873,male,92,,2005.0
Scientist,Stanley_Pons,Q730952,male,81,,2003.0
Scientist,Stanley_Porteus,Q7599879,male,89,,2004.0
Scientist,Stanley_Raimes,,,0,,
Scientist,Stanley_Rossiter_Benedict,Q2639508,male,52,,2003.0
Scientist,Stanley_S._Ballard,Q7599933,male,0,,2009.0
Scientist,Stanley_Salmons,Q7599936,male,0,,2008.0
Scientist,Stanley_Sawyer,,,0,,
Scientist,Stanley_Schachter,Q290285,male,75,,2006.0
Scientist,Stanley_Schultz,Q23071203,male,83,,2016.0
Scientist,Stanley_Shanfield,Q7599946,male,0,,2009.0
Scientist,Stanley_Skewes,Q123647,male,0,,2007.0
Scientist,Stanley_Smith_Stevens,Q1365870,male,0,,2002.0
Scientist,Stanley_South,Q7599957,male,88,,2010.0
Scientist,Stanley_Wagon,,,0,,
Scientist,Stanley_Wasserman,Q19564481,male,73,,2015.0
Scientist,Stanley_Wojcicki,Q2331842,male,87,,2012.0
Scientist,Stanley_Zdonik,Q7600061,male,0,,2009.0
Scientist,Stanton_Glantz,Q7600240,male,0,,2007.0
Scientist,Stanton_J._Peale,Q15995390,male,78,,2013.0
Scientist,Starke_R._Hathaway,Q16010938,male,81,,2014.0
Scientist,Starr_Roxanne_Hiltz,Q7602233,female,0,,2010.0
Scientist,Stathis_Kefallonitis,Q107611685,male,0,,2021.0
Scientist,Stavros_Katsanevas,Q7604854,male,0,,2011.0
Scientist,Stavros_Zurukzoglu,Q119360,male,70,,2011.0
Scientist,Stavroula_Mili,Q42766964,female,0,,2020.0
Scientist,Steen_Willadsen,Q7605874,male,0,,2008.0
Scientist,Stefan_Andersson-Engels,Q42518087,male,0,,2020.0
Scientist,Stefan_Banach,Q180217,male,53,,2002.0
Scientist,Stefan_Bergman,Q1532174,male,129,,2007.0
Scientist,Stefan_Bernhard,Q7606030,male,58,,2009.0
Scientist,Stefan_Bon,Q80549217,male,0,,2021.0
Scientist,Stefan_Brands,Q7606040,male,0,,2006.0
Scientist,Stefan_Burr,Q7606043,male,0,,2010.0
Scientist,Stefan_Cohn-Vossen,Q68525,male,122,,2005.0
Scientist,Stefan_D._Anker,Q30310195,male,0,,2017.0
Scientist,Stefan_Decker,Q54303353,male,0,,2020.0
Scientist,Stefan_Dziembowski,,,0,,
Scientist,Stefan_E._Warschawski,Q7606070,male,85,,2009.0
Scientist,Stefan_Erickson,,,0,,
Scientist,Stefan_Funk,Q109609661,male,0,,2021.0
Scientist,Stefan_Gress,Q27734102,male,0,,2016.0
Scientist,Stefan_Grigorievich_Samko,Q12150381,male,83,,2016.0
Scientist,Stefan_Grimme,Q18963743,male,61,,2019.0
Scientist,Stefan_Güttel,Q102411363,male,43,,2022.0
Scientist,Stefan_Güttel,Q108430759,,43,,2022.0
Scientist,Stefan_H._E._Kaufmann,Q2336447,male,76,,2010.0
Scientist,Stefan_Hell,Q91410,male,62,,2006.0
Scientist,Stefan_Hofmann,Q37837264,male,0,,2018.0
Scientist,Stefan_Hüfner,Q2336591,male,89,,2022.0
Scientist,Stefan_Janos_(physicist),Q691090,male,81,,2010.0
Scientist,Stefan_Kaczmarz,Q1374765,male,129,,2004.0
Scientist,Stefan_Karpinski,Q24851955,male,0,,2016.0
Scientist,Stefan_Kebekus,,,0,,
Scientist,Stefan_Kröpelin,Q17198266,male,0,,2014.0
Scientist,Stefan_Kutzsche,Q18392988,male,70,,2014.0
Scientist,Stefan_Langerman,Q56664846,male,0,,2011.0
Scientist,Stefan_Lucks,Q7606183,male,60,,2005.0
Scientist,Stefan_M._Pulst,Q7606189,male,0,,2006.0
Scientist,Stefan_Marinov,Q325560,male,66,,2006.0
Scientist,Stefan_Mazurkiewicz,Q656642,male,136,,2004.0
Scientist,Stefan_Mecking,,,0,,
Scientist,Stefan_Meyer_(physicist),Q112596,male,77,,2010.0
Scientist,Stefan_Nemirovski,Q2336653,male,51,,2012.0
Scientist,Stefan_Niementowski,Q2582926,male,59,,2008.0
Scientist,Stefan_Piotrowski,,,0,,
Scientist,Stefan_Priebe,Q37644367,male,0,,2018.0
Scientist,Stefan_Rahmstorf,Q95897,male,64,,2005.0
Scientist,Stefan_Richarz,Q7606249,male,60,,2010.0
Scientist,Stefan_Ritt,Q29342244,male,60,,2017.0
Scientist,Stefan_Schuster,Q2337635,male,63,,2013.0
Scientist,Stefan_Schuster,Q88547534,,63,,2013.0
Scientist,Stefan_Straszewicz,,,0,,
Scientist,Stefan_Szeider,Q28313165,male,0,,2017.0
Scientist,Stefan_Th._Gries,Q15454674,male,0,,2007.0
Scientist,Stefan_Thomke,Q30069639,male,0,,2017.0
Scientist,Stefan_Tyszkiewicz,Q9345406,male,82,,2016.0
Scientist,Stefan_Wewers,,,0,,
Scientist,Stefan_Węgrzyn,,,0,,
Scientist,Stefan_von_Bogdándy,Q25818902,male,134,,2016.0
Scientist,Stefan_Ślopek,Q7606346,male,81,,2007.0
Scientist,Stefania_Jabłońska,Q517497,female,97,,2010.0
Scientist,Stefanie_Barz,Q67088456,female,0,,2019.0
Scientist,Stefanie_Dimmeler,Q110856,female,57,,2010.0
Scientist,Stefanie_Horovitz,Q41754965,female,0,,2018.0
Scientist,Stefanie_Petermichl,Q1576014,female,0,,2016.0
Scientist,Stefanie_von_Schnurbein,Q98736,female,63,,2006.0
Scientist,Stefano_Bianchini,Q2338360,male,0,,2012.0
Scientist,Stefano_Boccaletti,Q62416101,male,58,,2019.0
Scientist,Stefano_Buono,Q18685104,male,0,,2014.0
Scientist,Stefano_Ceri,Q3972425,male,69,,2013.0
Scientist,Stefano_Liberati,,,0,,
Scientist,Stefano_Lonardi,Q29341317,male,0,,2017.0
Scientist,Stefano_Ludovico_Straneo,Q18818683,male,95,,2016.0
Scientist,Stefano_Mancuso,Q23795300,male,59,,2020.0
Scientist,Stefano_Sandrone,Q46955211,male,0,,2017.0
Scientist,Stefano_Soatto,Q29387581,male,0,,2017.0
Scientist,Stefano_Stramigioli,Q19898940,male,56,,2017.0
Scientist,Stefano_Vitale,Q109968149,male,0,,2021.0
Scientist,Stefano_Zacchiroli,Q2268618,male,45,,2010.0
Scientist,Stefano_delle_Chiaje,Q2571781,male,66,,2005.0
Scientist,Steffanie_A._Strathdee,Q7606605,female,58,,2024.0
Scientist,Steffen_Kailitz,Q1669996,male,55,,2019.0
Scientist,Steffen_Lauritzen,Q15994572,male,77,,2013.0
Scientist,Steffen_Mueller,Q7606623,male,0,,2010.0
Scientist,Steffen_Schmidt,Q58629096,male,0,,2018.0
Scientist,Stefi_Baum,Q25324828,female,0,,2016.0
Scientist,Stein_Rokkan,Q319704,male,58,,2005.0
Scientist,Stein_Tønnesson,Q952958,male,0,,2004.0
Scientist,Steinar_Stjernø,Q4568726,male,79,,2008.0
Scientist,Stella_Chess,Q28059127,female,110,,2016.0
Scientist,Stella_Chess,Q65210369,,110,,2016.0
Scientist,Stella_Koutros,Q89451861,female,0,,2022.0
Scientist,Stella_Kramrisch,Q3972910,female,97,,2013.0
Scientist,Stella_Kramrisch,Q7607081,,97,,2013.0
Scientist,Stella_Pang,Q38318229,female,0,,2021.0
Scientist,Stella_Turk,Q15921159,female,-7,,2013.0
Scientist,Stella_Van_Praagh,Q105439898,female,79,,2021.0
Scientist,Sten_Ahlner,Q21388731,male,86,,2021.0
Scientist,Sten_De_Geer,Q4352611,male,47,,2015.0
Scientist,Sten_Grillner,Q2342583,male,83,,2008.0
Scientist,Sten_Malmquist,Q7607442,male,0,,2007.0
Scientist,Sten_Odenwald,Q7607444,male,72,,2007.0
Scientist,Sten_Rudberg,Q6082559,male,107,,2016.0
Scientist,Sten_Stymne,Q31466052,male,75,,2017.0
Scientist,Sten_Wahlund,Q6229126,male,0,,2005.0
Scientist,Sten_von_Friesen,Q5744418,male,89,,2017.0
Scientist,Stepan_Malkhasyants,Q2503371,male,90,,2008.0
Scientist,Stepan_Orevkov,,,0,,
Scientist,Stepan_Rumovsky,Q4400039,male,0,,2013.0
Scientist,Stephan_Cohn-Vossen,Q68525,male,0,,2020.0
Scientist,Stephan_Dahl,Q7608122,male,53,,2004.0
Scientist,Stephan_Eisel,,,0,,
Scientist,Stephan_Endlicher,Q78605,male,220,,2004.0
Scientist,Stephan_Hamann,Q31213197,male,0,,2017.0
Scientist,Stephan_Lewandowsky,Q16192820,male,66,,2014.0
Scientist,Stephan_Luckhaus,Q7608148,male,0,,2011.0
Scientist,Stephan_Narison,Q20640869,male,73,,2014.0
Scientist,Stephan_Riess,Q27710168,male,126,,2016.0
Scientist,Stephan_Ripke,Q56959255,male,51,,2018.0
Scientist,Stephan_Schulzer_von_Müggenburg,Q4527644,male,90,,2008.0
Scientist,Stephan_W._Koch,Q2343953,male,69,,2013.0
Scientist,Stephan_von_Breuning_(entomologist),Q89580,male,0,,2009.0
Scientist,Stephan_von_Breuning_(entomologist)__Stephan_von_Breuning__1,,,89,,
Scientist,Stephani_Hatch,Q47818240,female,0,,2020.0
Scientist,Stephanie_A._Majewski,Q24248216,female,0,,2016.0
Scientist,Stephanie_A._White,Q57638230,female,0,,2021.0
Scientist,Stephanie_Amiel,Q42169555,female,70,,2017.0
Scientist,Stephanie_B._Alexander,Q17279128,female,0,,2014.0
Scientist,Stephanie_Burns,Q22003518,female,69,,2015.0
Scientist,Stephanie_Carlson,Q56424493,female,0,,2020.0
Scientist,Stephanie_Constant,Q65037127,female,0,,2019.0
Scientist,Stephanie_Factor,Q104704212,female,0,,2020.0
Scientist,Stephanie_Forrest,Q15429043,female,0,,2013.0
Scientist,Stephanie_Hilborne,Q62604400,female,56,,2016.0
Scientist,Stephanie_J._London,Q37376751,female,0,,2021.0
Scientist,Stephanie_J._Murphy,Q62591479,female,0,,2019.0
Scientist,Stephanie_J._Weinstein,Q88595407,female,0,,2022.0
Scientist,Stephanie_Kwolek,Q7509,female,91,,2004.0
Scientist,Stephanie_Lee_(scientist),Q55979666,female,0,,2021.0
Scientist,Stephanie_M._Carlson,Q41732126,female,55,,2017.0
Scientist,Stephanie_M._Reich,Q96676761,female,0,,2020.0
Scientist,Stephanie_Moller,Q47134618,female,0,,2018.0
Scientist,Stephanie_Peay,Q7608366,female,0,,2010.0
Scientist,Stephanie_Reich,Q21264733,female,0,,2020.0
Scientist,Stephanie_Seneff,Q20675718,female,76,,2015.0
Scientist,Stephanie_Simmons,Q107598369,female,0,,2021.0
Scientist,Stephanie_Zimmermann,Q67466106,female,47,,2020.0
Scientist,Stephen_A._Boppart,Q50825622,male,0,,2024.0
Scientist,Stephen_A._Cusack,Q19914199,male,0,,2015.0
Scientist,Stephen_A._Czerkas,Q21338286,male,64,,2022.0
Scientist,Stephen_A._Fulling,Q57692961,male,79,,2019.0
Scientist,Stephen_A._Kent,Q1658251,male,0,,2005.0
Scientist,Stephen_A._Mahin,Q48824549,male,72,,2018.0
Scientist,Stephen_A._Mitchell_(psychologist),Q2254964,male,54,,2005.0
Scientist,Stephen_A._Tyler,Q30131978,male,-4,,2022.0
Scientist,Stephen_A._Zeff,Q7608549,male,91,,2008.0
Scientist,Stephen_Alfred_Forbes,Q2344517,male,180,,2006.0
Scientist,Stephen_Altschul,Q92872,male,67,,2004.0
Scientist,Stephen_Ansolabehere,Q24572505,male,0,,2016.0
Scientist,Stephen_Arthur_Jennings,Q7608606,male,0,,2008.0
Scientist,Stephen_Ball_(sociologist),Q55633967,male,74,,2018.0
Scientist,Stephen_Barr,Q7608663,male,71,,2010.0
Scientist,Stephen_Battersby,Q51858759,male,0,,2018.0
Scientist,Stephen_Benton,Q2344473,male,62,,2007.0
Scientist,Stephen_Bernard_Libby,Q30672906,male,0,,2017.0
Scientist,Stephen_Bigelow,Q21033474,male,0,,2015.0
Scientist,Stephen_Billett,Q28370297,male,0,,2017.0
Scientist,Stephen_Blumenfeld,Q27662819,male,0,,2016.0
Scientist,Stephen_Blundell,Q7608732,male,0,,2007.0
Scientist,Stephen_Brendan_McMahon,Q29653464,male,67,,2020.0
Scientist,Stephen_Buckland,Q63164876,male,69,,2019.0
Scientist,Stephen_C._Harrison,Q2344578,male,0,,2013.0
Scientist,Stephen_C._Johnson,Q4354454,male,0,,2005.0
Scientist,Stephen_C._Porter,Q77367022,male,81,,2020.0
Scientist,Stephen_C._Stearns,Q11249829,male,78,,2011.0
Scientist,Stephen_C._West,Q7608844,male,72,,2011.0
Scientist,Stephen_Childress,Q102166313,male,0,,2022.0
Scientist,Stephen_Cole_Kleene,Q335148,male,85,,2001.0
Scientist,Stephen_Conrad_Stuntz,Q4439520,male,149,,2021.0
Scientist,Stephen_Cook,Q62870,male,0,,2002.0
Scientist,Stephen_Cook__Stephen_Cook__1,,,85,,
Scientist,Stephen_Corry,Q7608954,male,0,,2010.0
Scientist,Stephen_D._Hursting,Q28112877,male,0,,2016.0
Scientist,Stephen_D._Levene,Q7608996,male,0,,2008.0
Scientist,Stephen_D._M._Brown,Q19897824,male,69,,2015.0
Scientist,Stephen_Dalton_(photographer),Q7609007,male,0,,2012.0
Scientist,Stephen_David_Durrant,Q19877591,male,73,,2015.0
Scientist,Stephen_Demainbray,Q7609056,male,0,,2006.0
Scientist,Stephen_Dunnett,Q7609112,male,74,,2009.0
Scientist,Stephen_E._Calvert__Dr._Stephen_E._Calvert__1,,,89,,
Scientist,Stephen_E._Cross,Q7609120,male,73,,2009.0
Scientist,Stephen_E._Harris,Q2344659,male,88,,2013.0
Scientist,Stephen_E._Levinson,Q47035418,male,80,,2017.0
Scientist,Stephen_E._Schwartz,Q7609124,male,83,,2007.0
Scientist,Stephen_Eichhorn,Q114554802,male,0,,2022.0
Scientist,Stephen_Elledge,Q2344805,male,0,,2012.0
Scientist,Stephen_Elliott_(botanist),Q2982922,male,53,,2009.0
Scientist,Stephen_Emmott,Q13639575,male,64,,2013.0
Scientist,Stephen_F._Martin,Q7609171,male,0,,2007.0
Scientist,Stephen_Faraone,Q7609174,male,68,,2007.0
Scientist,Stephen_Fienberg,Q7609192,male,74,,2005.0
Scientist,Stephen_G._Davies,Q7609263,male,74,,2006.0
Scientist,Stephen_G._Miller,Q16330374,male,79,,2022.0
Scientist,Stephen_G._Weber__Stephen_G._Weber__1,,,0,,
Scientist,Stephen_G._West,Q58494618,male,0,,2018.0
Scientist,Stephen_Gasiorowicz,Q25898152,male,88,,2016.0
Scientist,Stephen_Gill_(political_scientist),Q710347,male,0,,2009.0
Scientist,Stephen_Gilson,Q7609316,male,0,,2007.0
Scientist,Stephen_Gorard,Q7609335,male,0,,2011.0
Scientist,Stephen_Gray_(scientist),Q315197,male,-288,,2003.0
Scientist,Stephen_Grossberg,Q2344753,male,85,,2005.0
Scientist,Stephen_Gull,Q15994472,male,0,,2013.0
Scientist,Stephen_H._Crandall,Q2344767,male,0,,2007.0
Scientist,Stephen_H._Davis,Q7609377,male,82,,2009.0
Scientist,Stephen_H._Scott,Q24263637,male,60,,2016.0
Scientist,Stephen_H._Wright,Q104377064,male,74,,2020.0
Scientist,Stephen_Hales,Q312017,male,84,,2003.0
Scientist,Stephen_Hawking,Q17714,male,76,,2001.0
Scientist,Stephen_Hecht,Q28975196,male,0,,2017.0
Scientist,Stephen_Heinemann,Q24068201,male,75,,2019.0
Scientist,Stephen_Herrero,Q7609474,male,0,,2011.0
Scientist,Stephen_Hilbert,Q3498571,male,0,,2011.0
Scientist,Stephen_Hinton,Q18686833,male,0,,2014.0
Scientist,Stephen_Hsu,Q7612893,male,0,,2004.0
Scientist,Stephen_Humphry,,,0,,
Scientist,Stephen_I._Katz,Q60776782,male,-6,,2022.0
Scientist,Stephen_J._Benkovic,Q908510,male,86,,2010.0
Scientist,Stephen_J._Challacombe,Q64853347,male,0,,2019.0
Scientist,Stephen_J._Galli,Q87756591,male,0,,2021.0
Scientist,Stephen_J._Giovannoni,Q21337699,male,0,,2021.0
Scientist,Stephen_J._Hunt,Q4495556,male,0,,2007.0
Scientist,Stephen_J._Kline,,,0,,
Scientist,Stephen_J._Lippard,Q557509,male,84,,2010.0
Scientist,Stephen_J._Lukasik,Q21062314,male,88,,2015.0
Scientist,Stephen_J._Mackwell,Q26707089,male,68,,2016.0
Scientist,Stephen_J._Mellor,Q7609571,male,0,,2007.0
Scientist,Stephen_J._O'Brien,Q7609573,male,0,,2009.0
Scientist,Stephen_Jackson_(scientist),Q17612442,male,62,,2023.0
Scientist,Stephen_Jacobsen,Q28756477,male,76,,2017.0
Scientist,Stephen_Jay_Gould,Q180619,male,61,,2001.0
Scientist,Stephen_Juan,Q7609633,male,69,,2007.0
Scientist,Stephen_K._Burley,Q18205363,male,0,,2014.0
Scientist,Stephen_K._White,Q7609641,male,0,,2008.0
Scientist,Stephen_Kanitz,Q7609653,male,0,,2007.0
Scientist,Stephen_Kleene,,,0,,2001.0
Scientist,Stephen_Kornyey,,,0,,
Scientist,Stephen_Kosslyn,Q2795008,male,0,,2005.0
Scientist,Stephen_Kowalczykowski,Q7609712,male,0,,2013.0
Scientist,Stephen_Kresovich,Q87329513,male,0,,2020.0
Scientist,Stephen_Kuffler,Q445338,male,67,,2006.0
Scientist,Stephen_L._Adler,Q355100,male,85,,2005.0
Scientist,Stephen_L._Brusatte,Q662833,male,40,,2006.0
Scientist,Stephen_L._Buchwald,Q6134174,male,0,,2015.0
Scientist,Stephen_L._Craig,Q65509203,,0,,2019.0
Scientist,Stephen_L._Fowler,Q7609726,,76,,
Scientist,Stephen_L._Harris,Q7609731,male,87,,2006.0
Scientist,Stephen_L._Hauser,Q7609730,male,75,,2011.0
Scientist,Stephen_L._Mayo,Q23541234,male,0,,2016.0
Scientist,Stephen_L._Morgan,Q20731791,male,0,,2015.0
Scientist,Stephen_LaBerge,Q1758346,male,0,,2002.0
Scientist,Stephen_Lawn,Q28151824,male,50,,2017.0
Scientist,Stephen_Lee_(chemist),Q6580896,male,69,,2006.0
Scientist,Stephen_Leone,Q59669340,,0,,2018.0
Scientist,Stephen_Lichtenbaum,Q1760045,male,0,,2013.0
Scientist,Stephen_Liddle,Q11207995,male,0,,2013.0
Scientist,Stephen_M._Edelson,Q30886147,male,0,,2017.0
Scientist,Stephen_Ma,,,0,,
Scientist,Stephen_Mackenzie__Stephen_Mackenzie__1,,,65,,
Scientist,Stephen_Macknik,Q19864631,male,56,,2015.0
Scientist,Stephen_Malkin,Q112571554,male,72,,2022.0
Scientist,Stephen_Mann_(chemist),Q19402345,male,69,,2016.0
Scientist,Stephen_Mann_(chemist),Q21166065,,69,,2016.0
Scientist,Stephen_Manuck,Q92100142,male,76,,2020.0
Scientist,Stephen_Maxson,Q55820375,male,0,,2018.0
Scientist,Stephen_Mayo,,,0,,2016.0
Scientist,Stephen_Milne_(mathematician),Q1628305,male,0,,2015.0
Scientist,Stephen_Moorbath,Q23771174,male,87,,2016.0
Scientist,Stephen_Moulton_Babcock,Q906497,male,181,,2004.0
Scientist,Stephen_Muggleton,Q7610052,male,65,,2006.0
Scientist,Stephen_Nicholls,Q73438504,male,53,,2020.0
Scientist,Stephen_O'Rahilly,Q7610127,male,66,,2012.0
Scientist,Stephen_Oliver_(scientist),Q7610144,male,75,,2011.0
Scientist,Stephen_Orey,,,0,,
Scientist,Stephen_Owen_(academic),,,0,,2017.0
Scientist,Stephen_Owen_(sinologist),Q7610160,male,78,,2012.0
Scientist,Stephen_P._Bell,Q42290841,male,0,,2018.0
Scientist,Stephen_P._Boyd,Q15995500,male,0,,2014.0
Scientist,Stephen_P._Hinshaw,Q29034604,male,72,,2017.0
Scientist,Stephen_P._Long,Q21166074,male,74,,2017.0
Scientist,Stephen_P._Marks,Q30323343,male,0,,2017.0
Scientist,Stephen_P._Synnott,Q376170,male,0,,2004.0
Scientist,Stephen_Paget,Q515792,male,169,,2005.0
Scientist,Stephen_Parke,Q7610194,male,0,,2007.0
Scientist,Stephen_Paul_(physicist),Q7610206,male,59,,2008.0
Scientist,Stephen_Peter_Rigaud,Q7610233,male,65,,2006.0
Scientist,Stephen_Polyak,Q9345876,male,66,,2015.0
Scientist,Stephen_Porges,Q7610265,male,0,,2008.0
Scientist,Stephen_Portnoy,,,0,,
Scientist,Stephen_Quake,Q7610298,male,0,,2012.0
Scientist,Stephen_R._Barley,Q7610302,male,71,,2008.0
Scientist,Stephen_R._Bloom,Q20440783,male,82,,2015.0
Scientist,Stephen_R._Bourne,Q92774,male,80,,2003.0
Scientist,Stephen_R._Carpenter__Stephen_Russell_Carpenter__1,,,0,,
Scientist,Stephen_R._Doty,Q61865588,male,71,,2019.0
Scientist,Stephen_Rallis,Q20653674,male,70,,2016.0
Scientist,Stephen_Raudenbush,Q7610333,male,0,,2007.0
Scientist,Stephen_Robert_Nockolds,Q7610378,male,81,,2007.0
Scientist,Stephen_Robertson_(computer_scientist),Q7610387,male,78,,2009.0
Scientist,Stephen_S._Kudla,Q2345048,male,0,,2016.0
Scientist,Stephen_Salter,Q7610455,male,86,,2009.0
Scientist,Stephen_Schanuel,Q451748,male,81,,2006.0
Scientist,Stephen_Schneider_(scientist),Q982493,male,65,,2002.0
Scientist,Stephen_Schutz,,,0,,2016.0
Scientist,Stephen_Selkowitz,Q16751046,male,76,,2014.0
Scientist,Stephen_Shenker,Q787109,male,0,,2005.0
Scientist,Stephen_Shore_(professor),Q23679532,male,63,,2016.0
Scientist,Stephen_Silvia,Q7610530,male,65,,2010.0
Scientist,Stephen_Smale,Q315394,male,94,,2002.0
Scientist,Stephen_Soldz,Q7610569,male,72,,2008.0
Scientist,Stephen_Stigler,Q7610606,male,83,,2004.0
Scientist,Stephen_Straus,Q26818572,male,78,,2016.0
Scientist,Stephen_Szabo,Q7610632,male,0,,2007.0
Scientist,Stephen_Thayer_Olney,Q4333951,male,66,,2018.0
Scientist,Stephen_Thorndike,Q7610678,male,0,,2007.0
Scientist,Stephen_Timoshenko,Q551204,male,-52,,2003.0
Scientist,Stephen_Trimberger,Q16221613,male,0,,2014.0
Scientist,Stephen_Tsang,Q23760888,male,0,,2015.0
Scientist,Stephen_Turnham_Pratt,Q30672891,male,0,,2017.0
Scientist,Stephen_Twinoburyo,Q60455140,male,49,,2019.0
Scientist,Stephen_Updegraff,Q7610730,male,0,,2010.0
Scientist,Stephen_W._Hawking,,,0,,2003.0
Scientist,Stephen_W._Keckler,Q29918731,male,0,,2017.0
Scientist,Stephen_W._Pacala,Q30641573,male,0,,2017.0
Scientist,Stephen_W._Scherer,Q7610775,male,60,,2010.0
Scientist,Stephen_W._Wilkins,Q110837213,male,78,,2022.0
Scientist,Stephen_Warren_(astronomer),Q20876431,male,0,,2015.0
Scientist,Stephen_Warshall,Q7610811,male,71,,2006.0
Scientist,Stephen_Waxman,Q29382786,male,0,,2018.0
Scientist,Stephen_Whisson,Q7610836,male,-241,,2009.0
Scientist,Stephen_Wiggins,Q7610848,male,0,,2006.0
Scientist,Stephen_Wildman__Stephen_Wildman__1,,,0,,
Scientist,Stephen_Wolff,Q7610875,male,0,,2008.0
Scientist,Stephen_Wolfram,Q310798,male,65,,2002.0
Scientist,Stephen_Wootton_Bushell,Q7610885,male,64,,2010.0
Scientist,Stergios_Logothetidis,Q16845783,male,0,,2014.0
Scientist,Stevan_Harnad,Q2346785,male,79,,2003.0
Scientist,Stevan_K._Pavlowitch,Q7611714,male,89,,2012.0
Scientist,Steve_A._Kay,Q19818473,male,0,,2015.0
Scientist,Steve_Alpern,Q7611787,male,0,,2011.0
Scientist,Steve_Awodey,Q7611834,male,65,,2010.0
Scientist,Steve_Brooks_(statistician),Q7612044,male,0,,2008.0
Scientist,Steve_Charnovitz,Q7612196,male,0,,2007.0
Scientist,Steve_Chen_(computer_engineer),Q700873,male,0,,2005.0
Scientist,Steve_Deering,Q3498901,male,0,,2006.0
Scientist,Steve_Eichel,Q7612468,male,0,,2005.0
Scientist,Steve_Ellis_(literary_scholar),Q55236921,male,0,,2021.0
Scientist,Steve_Fossey,Q15994444,male,0,,2014.0
Scientist,Steve_Furber,Q92776,male,71,,2004.0
Scientist,Steve_Granick,Q27049874,male,0,,2016.0
Scientist,Steve_Haake,Q90485504,male,0,,2020.0
Scientist,Steve_Howard_(sociologist),Q63098650,male,71,,2018.0
Scientist,Steve_Jackson_(scientist),,,0,,2014.0
Scientist,Steve_Jacobsen,,,0,,
Scientist,Steve_Jones_(biologist),Q1391397,male,80,,2003.0
Scientist,Steve_Joordens,Q16196086,male,59,,2013.0
Scientist,Steve_Kramer_(engineer),Q111799149,male,0,,2022.0
Scientist,Steve_Larter,Q29378891,male,0,,2017.0
Scientist,Steve_Mann_(inventor),Q62899,male,62,,2002.0
Scientist,Steve_Nimmons,Q7613471,male,0,,2009.0
Scientist,Steve_O'Shea,Q7613493,male,59,,2007.0
Scientist,Steve_Omohundro,Q7613510,male,0,,2005.0
Scientist,Steve_Pettifer,Q15429595,male,54,,2013.0
Scientist,Steve_Pomerantz,,,0,,
Scientist,Steve_Pulman,,,0,,
Scientist,Steve_Reeves_(computer_scientist),Q7613713,male,67,,2010.0
Scientist,Steve_Reicher,Q7613720,,0,,2007.0
Scientist,Steve_Running,Q7613817,male,74,,2007.0
Scientist,Steve_Russell_(computer_scientist),Q2634274,,0,,2004.0
Scientist,Steve_Rutt,Q7613824,male,66,,2011.0
Scientist,Steve_Sawyer_(professor),Q91430186,male,64,,2022.0
Scientist,Steve_Schneider_(computer_scientist),Q27983493,male,0,,2016.0
Scientist,Steve_Scott_(computer_architect),Q7613875,,0,,2012.0
Scientist,Steve_Selva,Q7613887,male,0,,2007.0
Scientist,Steve_Simpson_(mathematician),Q1308030,male,0,,2016.0
Scientist,Steve_Simske,Q105955702,male,0,,2021.0
Scientist,Steve_Smith_(political_scientist),Q7613965,male,72,,2004.0
Scientist,Steve_Vickers_(computer_scientist),Q3817613,male,0,,2006.0
Scientist,Steve_Webb_(medical_physicist),Q15994819,male,0,,2014.0
Scientist,Steve_Whittaker,Q7614294,male,0,,2009.0
Scientist,Steve_Wilhite,Q7614306,male,74,,2007.0
Scientist,Steve_Wilmarth,,,0,,
Scientist,Steve_Young_(software_engineer),Q30122679,male,0,,2017.0
Scientist,Steven_A._Benner,Q7614416,male,70,,2006.0
Scientist,Steven_A._Hill,Q64764502,male,0,,2019.0
Scientist,Steven_A._Rosen,Q28655321,male,0,,2017.0
Scientist,Steven_Allan_Boggs,Q65679850,male,78,,2019.0
Scientist,Steven_Amstrup,Q7614449,male,74,,2012.0
Scientist,Steven_Armes,Q17180508,,0,,2014.0
Scientist,Steven_Bauman,,,0,,
Scientist,Steven_Beach,Q59209510,male,68,,2018.0
Scientist,Steven_Blair,Q61196520,male,85,,2019.0
Scientist,Steven_Block,Q7614503,male,72,,2006.0
Scientist,Steven_Boggs,Q59675386,male,0,,2019.0
Scientist,Steven_Brams,Q3499190,male,84,,2003.0
Scientist,Steven_C._Hackett,Q15126413,male,0,,2006.0
Scientist,Steven_C._Hackett,Q59917214,,0,,2006.0
Scientist,Steven_Clark_Cunningham,Q21005481,male,52,,2015.0
Scientist,Steven_Clarke,Q7614569,male,75,,2008.0
Scientist,Steven_Cowley,Q2347488,male,0,,2014.0
Scientist,Steven_Cundiff,Q23770504,male,0,,2016.0
Scientist,Steven_Cunnane,,,0,,
Scientist,Steven_D._Tanksley,Q7614611,male,70,,2006.0
Scientist,Steven_D._Townsend,Q68811215,male,0,,2019.0
Scientist,Steven_D._Waldman,Q16150803,male,0,,2013.0
Scientist,Steven_D._Wexner,Q55759655,,0,,2018.0
Scientist,Steven_Durlauf,Q7615077,male,66,,2015.0
Scientist,Steven_E._Brenner,Q7614656,male,0,,2011.0
Scientist,Steven_E._Lindow,Q90426184,male,0,,2020.0
Scientist,Steven_E._Shreve,Q7614660,male,0,,2010.0
Scientist,Steven_E._Wilson,Q57068193,male,0,,2020.0
Scientist,Steven_Earl_Clemants,Q6134281,male,54,,2016.0
Scientist,Steven_Feld,Q7614691,male,75,,2007.0
Scientist,Steven_Flammia,,,0,,
Scientist,Steven_Franks,Q7614718,male,0,,2009.0
Scientist,Steven_G._Johnson,Q43071645,male,0,,2017.0
Scientist,Steven_G._Krantz,Q1778849,male,73,,2010.0
Scientist,Steven_G._Vandenberg,Q4727666,male,77,,2008.0
Scientist,Steven_Gaal,Q7614740,male,92,,2009.0
Scientist,Steven_Gangestad,Q50919200,male,0,,2022.0
Scientist,Steven_Girvin,Q386803,male,74,,2010.0
Scientist,Steven_Gubser,Q373924,male,47,,2009.0
Scientist,Steven_Gundry,Q30314865,male,74,,2017.0
Scientist,Steven_H._Low,Q17517169,male,0,,2014.0
Scientist,Steven_H._Low,Q59676451,,0,,2014.0
Scientist,Steven_H._Simon,Q7614784,male,0,,2010.0
Scientist,Steven_Hahn,Q7614789,male,0,,2006.0
Scientist,Steven_Henikoff,Q28033746,male,0,,2016.0
Scientist,Steven_Ittel,Q7614849,male,0,,2006.0
Scientist,Steven_J._Burakoff,Q7614852,male,0,,2008.0
Scientist,Steven_J._Dick,Q7614855,male,75,,2008.0
Scientist,Steven_J._Gunn,,,0,,
Scientist,Steven_J._Miller,Q20657339,male,0,,2015.0
Scientist,Steven_J._Ostro,Q7614864,male,62,,2004.0
Scientist,Steven_James_Bartlett,Q28441383,male,0,,2017.0
Scientist,Steven_Jay_Schwartz,Q16751120,male,73,,2014.0
Scientist,Steven_K._Feiner,Q23772058,male,0,,2016.0
Scientist,Steven_Kahn,Q29904489,male,0,,2017.0
Scientist,Steven_Kerckhoff,Q3828702,male,0,,2005.0
Scientist,Steven_Kivelson,Q29904494,male,70,,2017.0
Scientist,Steven_Kleiman,Q1169890,male,82,,2008.0
Scientist,Steven_Knope,Q7614921,male,0,,2008.0
Scientist,Steven_L._Heston,Q7614942,male,0,,2011.0
Scientist,Steven_Laureys,Q676661,male,56,,2009.0
Scientist,Steven_Levitsky,Q7614979,male,56,,2008.0
Scientist,Steven_Lukes,Q2094482,male,83,,2006.0
Scientist,Steven_M._Bellovin,Q1485905,male,0,,2005.0
Scientist,Steven_M._Cahn,Q93237731,male,0,,2021.0
Scientist,Steven_M._Goodman,Q105495687,,67,,2010.0
Scientist,Steven_M._Goodman,Q2183197,male,67,,2010.0
Scientist,Steven_M._Holland,Q56222290,male,62,,2018.0
Scientist,Steven_M._LaValle,Q7615001,male,0,,2008.0
Scientist,Steven_M._Reppert,Q7615006,male,78,,2009.0
Scientist,Steven_M._Smith,Q21061929,male,0,,2015.0
Scientist,Steven_M._Weinreb,Q7615009,male,83,,2010.0
Scientist,Steven_M._Zeitels,Q7615011,male,67,,2009.0
Scientist,Steven_MacEachern,,,0,,2024.0
Scientist,Steven_Marsh_(geneticist),Q7615026,male,0,,2011.0
Scientist,Steven_McKnight,Q15849224,male,0,,2016.0
Scientist,Steven_Messner,Q15437159,male,73,,2016.0
Scientist,Steven_Mithen,Q2347622,male,64,,2007.0
Scientist,Steven_Muchnick,Q7615072,male,0,,2006.0
Scientist,Steven_Murdoch,Q7615075,male,0,,2010.0
Scientist,Steven_N._Goodman,Q21934082,male,0,,2015.0
Scientist,Steven_Nahmias,Q26702506,male,0,,2016.0
Scientist,Steven_Neil_Evans,Q21173995,male,64,,2015.0
Scientist,Steven_Novella,Q2761731,male,60,,2006.0
Scientist,Steven_P._DenBaars,Q43302469,male,0,,2017.0
Scientist,Steven_Petersen,,,0,,
Scientist,Steven_Pinker,Q212730,male,70,,2002.0
Scientist,Steven_Pollock,Q22096758,male,0,,2015.0
Scientist,Steven_R._Cummings,Q92996256,male,0,,2022.0
Scientist,Steven_R._Little,Q56065010,male,47,,2018.0
Scientist,Steven_R._White,Q2347650,male,0,,2007.0
Scientist,Steven_Raphael,Q24238976,male,56,,2016.0
Scientist,Steven_Ray_Hall,Q17305991,male,65,,2013.0
Scientist,Steven_Rose,Q902813,male,86,,2004.0
Scientist,Steven_Rosefielde,Q7615209,male,0,,2010.0
Scientist,Steven_Rosenberg,Q2347448,male,84,,2006.0
Scientist,Steven_Rudich,Q93146,male,63,,2005.0
Scientist,Steven_Ruggles,Q7615220,male,69,,2009.0
Scientist,Steven_Runo,Q96047534,male,0,,2020.0
Scientist,Steven_S._Vogt,Q2347721,male,0,,2010.0
Scientist,Steven_S._Vogt__Steven_Scott_Vogt__1,,,75,,
Scientist,Steven_Salzberg,Q7248791,male,0,,2006.0
Scientist,Steven_Shapin,Q967777,male,0,,2006.0
Scientist,Steven_Skiena,Q7615279,male,63,,2012.0
Scientist,Steven_Soter,Q3370330,male,0,,2006.0
Scientist,Steven_Stack,Q51797519,male,0,,2018.0
Scientist,Steven_Strogatz,Q1384920,male,65,,2006.0
Scientist,Steven_T._Bramwell,Q15994324,male,63,,2012.0
Scientist,Steven_T._DeKosky,Q7615308,male,0,,2008.0
Scientist,Steven_T._Rosen,Q41693258,male,0,,2017.0
Scientist,Steven_T._Ross,Q56126335,male,81,,2018.0
Scientist,Steven_Takiff,Q7615315,male,0,,2012.0
Scientist,Steven_Taylor_(psychologist),Q108276969,male,0,,2021.0
Scientist,Steven_V._Ley,Q639012,male,79,,2006.0
Scientist,Steven_Van_Slyke,Q7615355,male,68,,2006.0
Scientist,Steven_Vertovec,Q50825611,male,67,,2017.0
Scientist,Steven_Vogel,Q7615354,male,75,,2005.0
Scientist,Steven_Weinberg,Q179282,male,89,,2003.0
Scientist,Steven_Weinstein_(philosopher),Q25189126,male,0,,2013.0
Scientist,Steven_Wepster,,,0,,
Scientist,Steven_Wofsy,Q30069603,male,0,,2017.0
Scientist,Steven_Zimmerman,Q7615410,male,0,,2009.0
Scientist,Steven_Zucker,Q7615412,male,70,,2006.0
Scientist,Stevi_Jackson,Q7615562,female,73,,2009.0
Scientist,Stevo_Todorčević,Q3784747,male,69,,2012.0
Scientist,Steward_Observatory,Q2120109,,0,,2004.0
Scientist,Stewardson_Brown,Q6134299,male,0,,2017.0
Scientist,Stewart_A._Collins,,,0,,
Scientist,Stewart_Adams_(chemist),Q20984389,male,96,,2015.0
Scientist,Stewart_Clegg,Q2347881,male,0,,2010.0
Scientist,Stewart_D._Personick,Q7615763,male,0,,2007.0
Scientist,Stewart_Hillis,Q21997560,male,71,,2015.0
Scientist,Stewart_Nozette,Q772313,male,67,,2009.0
Scientist,Stewart_Parker_(scientist),Q42321483,male,0,,2019.0
Scientist,Stewart_Turner,Q28076440,,92,,2010.0
Scientist,Stewart_Turner_(scientist),,,0,,
Scientist,Stewart_Wolf,Q22097275,male,110,,2015.0
Scientist,Stig_Strömholm,Q446338,male,93,,2004.0
Scientist,Stijepo_Kobasica,Q7616907,male,0,,2009.0
Scientist,Stine_Grodal,,,0,,
Scientist,Stirling_Colgate,Q968330,male,88,,2006.0
Scientist,Stith_Thompson,Q428220,male,91,,2007.0
Scientist,Stjepan_Krasić,Q12642791,male,86,,2016.0
Scientist,Stjepan_Mohorovičić,Q3077932,male,90,,2006.0
Scientist,Story_Landis,Q7620382,female,0,,2010.0
Scientist,Stott_Parker,Q7620527,male,0,,2007.0
Scientist,Stoycho_Panchev,Q2586544,male,81,,2018.0
Scientist,Stoycho_Vassilev_Breskovski,Q647363,male,70,,2011.0
Scientist,Strangelet,Q2382024,,0,,2003.0
Scientist,Stratis_Kounias,,,0,,
Scientist,Strength_of_ships,Q2222612,,0,,2005.0
Scientist,Struan_Sutherland,Q7624951,male,66,,2007.0
Scientist,Struther_Arnott,Q11903458,male,79,,2005.0
Scientist,Stuart_A._Rice,Q715584,male,92,,2005.0
Scientist,Stuart_Appelle,Q7626284,male,65,,2006.0
Scientist,Stuart_Bearhop,Q46865160,male,0,,2018.0
Scientist,Stuart_C._Sealfon,Q7626378,male,68,,2010.0
Scientist,Stuart_Card,Q7626393,male,0,,2005.0
Scientist,Stuart_Cull-Candy,Q7626438,male,78,,2011.0
Scientist,Stuart_Dalziel,Q26702910,male,0,,2016.0
Scientist,Stuart_Feldman,Q92976,male,0,,2004.0
Scientist,Stuart_Firestein,Q7626530,male,0,,2012.0
Scientist,Stuart_Freedman,Q2802160,male,68,,2016.0
Scientist,Stuart_Geman,Q15995089,male,0,,2013.0
Scientist,Stuart_Gitlow,Q7626580,male,0,,2006.0
Scientist,Stuart_Hameroff,Q516774,male,77,,2003.0
Scientist,Stuart_J._Edelstein,Q16105608,male,0,,2014.0
Scientist,Stuart_J._Ritchie,Q64010764,male,0,,2019.0
Scientist,Stuart_J._Russell,Q3656334,male,0,,2004.0
Scientist,Stuart_J_Edelstein,,,0,,2020.0
Scientist,Stuart_Kauffman,Q516009,male,85,,2002.0
Scientist,Stuart_Keith,Q7626713,male,72,,2007.0
Scientist,Stuart_L._Schreiber,,,0,,2006.0
Scientist,Stuart_L._Shapiro,Q27147610,male,77,,2018.0
Scientist,Stuart_Monro,Q7626867,male,77,,2006.0
Scientist,Stuart_Newman,Q1602572,male,79,,2005.0
Scientist,Stuart_Orkin,Q22095816,male,78,,2015.0
Scientist,Stuart_Parkin,Q2357941,male,69,,2005.0
Scientist,Stuart_Patton,Q63990243,male,97,,2019.0
Scientist,Stuart_Piggott,Q4362439,male,86,,2004.0
Scientist,Stuart_Pimm,Q7626951,male,75,,2010.0
Scientist,Stuart_Pocock,Q7626956,male,0,,2010.0
Scientist,Stuart_Presnell,,,0,,
Scientist,Stuart_Pugh,Q7626976,male,-31,,2009.0
Scientist,Stuart_R._Schram,Q7626981,male,88,,2012.0
Scientist,Stuart_Rees,Q7626999,male,0,,2005.0
Scientist,Stuart_Rice,,,0,,2005.0
Scientist,Stuart_Schreiber,Q906562,male,68,,2006.0
Scientist,Stuart_Struever,Q7627140,male,93,,2007.0
Scientist,Stuart_Sutherland,Q7627145,male,71,,2005.0
Scientist,Stuart_Thomas_Butler,Q2357968,male,0,,2007.0
Scientist,Stuart_Threipland,Q27981905,male,308,,2020.0
Scientist,Stuart_Tyson_Smith,Q1565890,male,0,,2005.0
Scientist,Stuart_W._Cook,Q55419740,male,80,,2018.0
Scientist,Stuart_W._Frost,Q7627192,male,89,,2006.0
Scientist,Stuart_W._Jamieson,Q55314926,male,0,,2018.0
Scientist,Stuart_Warren,Q7627205,male,82,,2010.0
Scientist,Stuart_Yuspa,Q30069507,male,0,,2017.0
Scientist,Stylianos_Antonarakis,Q15429287,male,0,,2013.0
Scientist,Stéphane_Mallat,Q952195,male,62,,2004.0
Scientist,Stéphanie_P._Lacour,Q21264732,female,0,,2020.0
Scientist,Su-Shu_Huang,Q11176369,male,62,,2013.0
Scientist,Su_Bai,Q47535786,male,96,,2018.0
Scientist,Su_Bingqi,Q10501504,male,-27,,2018.0
Scientist,Su_Donglin,Q83770928,female,0,,2020.0
Scientist,Su_Hongjun,Q28674538,male,77,,2017.0
Scientist,Su_Qiang,Q8464619,male,86,,2017.0
Scientist,Su_Young_Ryu,,,0,,
Scientist,Subash_Gupta,Q17054202,male,61,,2013.0
Scientist,Subbayya_Sivasankaranarayana_Pillai,Q370251,male,123,,2004.0
Scientist,Subbiah_Arunan,Q15138371,male,0,,2013.0
Scientist,Subhadeep_Chatterjee,Q60678040,male,0,,2018.0
Scientist,Subhan_Qureshi,Q23820112,male,0,,2016.0
Scientist,Subhash_C._Kashyap,Q7631218,male,95,,2011.0
Scientist,Subhash_Chandra_Lakhotia,Q27662444,male,79,,2016.0
Scientist,Subhash_Khot,Q7631228,male,0,,2010.0
Scientist,Subhash_Mukhopadhyay_(physician)__Subhash_Mukherjee__1,,,50,,
Scientist,Subhash_Saini,Q7631241,male,0,,2010.0
Scientist,Subhashis_Nag,Q16014143,male,43,,2013.0
Scientist,Subhasis_Chaudhuri,Q28606460,male,61,,2017.0
Scientist,Subhasish_Dey,Q51776538,,0,,2012.0
Scientist,Subhasish_Dey,Q7631266,male,0,,2012.0
Scientist,Subhendu_Guha,Q61746798,,0,,2023.0
Scientist,Subhrangsu_Kanta_Acharyya,Q28037545,male,84,,2016.0
Scientist,Subi_Jacob_George,Q52989657,male,0,,2018.0
Scientist,Subir_Kumar_Ghosh,Q27995799,male,76,,2016.0
Scientist,Subir_Raha,Q7631348,male,62,,2010.0
Scientist,Subir_Sachdev,Q7631351,male,63,,2009.0
Scientist,Subodh_Mitra,Q7631758,male,65,,2012.0
Scientist,Subodh_Raghunath_Shenoy,Q41960621,male,77,,2017.0
Scientist,Subodha_Kumar,Q96065920,male,0,,2020.0
Scientist,Subrahmaniam_Nagarajan,Q7631850,male,0,,2006.0
Scientist,Subrahmanyan_Chandrasekhar,Q148109,male,85,,2002.0
Scientist,Subramania_Ranganathan,Q27926057,male,82,,2016.0
Scientist,Subramaniam_Ramakrishnan,Q27929693,male,64,,2016.0
Scientist,Subramanian_Kalyanaraman,Q28805548,male,90,,2017.0
Scientist,Subrat_Kumar_Panda,Q28959466,male,70,,2017.0
Scientist,Subrata_Adak,Q47530381,male,0,,2018.0
Scientist,Subrata_Mitra,Q12458005,,71,,2006.0
Scientist,Subrata_Mitra,Q724177,male,71,,2006.0
Scientist,Subrata_Roy_(scientist),Q12897499,male,0,,2020.0
Scientist,Sucharit_Bhakdi,Q1473437,male,78,,2020.0
Scientist,Sucharit_Sarkar,Q7632861,male,0,,2011.0
Scientist,Suchi_Saria,Q59800146,female,0,,2018.0
Scientist,Suchitra_Sebastian,Q41732147,female,0,,2017.0
Scientist,Suddhasatwa_Basu,Q74350034,male,0,,2020.0
Scientist,Sudeep_Sarkar,Q29387481,male,0,,2017.0
Scientist,Sudeshna_Sinha,Q17141300,female,0,,2014.0
Scientist,Sudhamoy_Ghosh,Q54183253,male,80,,2018.0
Scientist,Sudhanshu_Shekhar_Jha,Q29557135,male,84,,2017.0
Scientist,Sudhanshu_Vrati,Q45313285,male,64,,2017.0
Scientist,Sudhansu_Datta_Majumdar,Q7633768,male,0,,2011.0
Scientist,Sudhir_Ahuja,Q7633787,male,0,,
Scientist,Sudhir_Kumar_Sopory,Q22097096,male,76,,2016.0
Scientist,Sudhir_Kumar_Vempati,Q60678578,male,0,,2018.0
Scientist,Sudhir_Ranjan_Jain,Q96186985,male,0,,2020.0
Scientist,Sudhir_Venkatesh,Q3502938,male,0,,2007.0
Scientist,Sudip_Chakravarty,,,0,,
Scientist,Sudip_Chattopadhyay,Q45903346,male,64,,2017.0
Scientist,Sudipta_Sengupta,Q7633856,female,78,,2011.0
Scientist,Sudipto_Banerjee,Q22003293,male,52,,2015.0
Scientist,Sue_Barrell,Q66626366,female,0,,2019.0
Scientist,Sue_Biggins,Q32068854,female,0,,2017.0
Scientist,Sue_Black_(computer_scientist),Q11470,female,0,,2009.0
Scientist,Sue_Curry,Q29447331,female,0,,2017.0
Scientist,Sue_Gardiner,Q48013518,female,0,,2021.0
Scientist,Sue_Geller,Q62604401,female,0,,2019.0
Scientist,Sue_Gibson_(chemist),Q28935820,female,0,,2017.0
Scientist,Sue_Goldie,Q7634103,female,0,,2010.0
Scientist,Sue_Hendrickson,Q454737,female,75,,2006.0
Scientist,Sue_Ion,Q7634145,female,69,,2013.0
Scientist,Sue_Jones_(computational_biologist),Q57034020,female,0,,2021.0
Scientist,Sue_Meek,Q17517210,female,0,,2014.0
Scientist,Sue_Middleton,Q35497840,female,0,,2017.0
Scientist,Sue_Moore_(scientist),Q110095272,female,0,,2021.0
Scientist,Sue_O'Connor,Q15849591,female,0,,2018.0
Scientist,Sue_Povey,Q29643455,female,82,,2017.0
Scientist,Sue_Roffey,Q107616090,female,0,,2021.0
Scientist,Sue_Sentance,Q64829651,female,0,,2020.0
Scientist,Sue_Stott,Q64850738,female,0,,2019.0
Scientist,Sue_Whitesides,Q16481,female,0,,2012.0
Scientist,Suetonia_Palmer,Q28606635,female,0,,2019.0
Scientist,Sug_Woo_Shin,Q87066007,male,0,,2020.0
Scientist,Suh_Jin-suck,Q16013352,male,0,,2013.0
Scientist,Suh_Jung-ho,,,0,,
Scientist,Suh_Yoo-hun,Q15994143,male,76,,2013.0
Scientist,Suhas_Patankar,Q330168,male,83,,2005.0
Scientist,Sujata_Sharma,Q47518774,female,54,,2018.0
Scientist,Sujatha_Ramdorai,Q7635640,female,0,,2011.0
Scientist,Sukbok_Chang,Q16880404,male,62,,2019.0
Scientist,Sukh_Dev,Q24852235,male,101,,2016.0
Scientist,Sukhamoy_Chakraborty,Q15127383,male,56,,2013.0
Scientist,Sukhjiwan_Kaur,Q17517126,,0,,
Scientist,Suksin_Lee,Q45211679,male,47,,2017.0
Scientist,Sukumar_Nandi,Q7635913,male,0,,2006.0
Scientist,Sukyoung_Lee,Q109001570,female,0,,2021.0
Scientist,Sula_Wolff,Q4889782,female,85,,2005.0
Scientist,Sulabha_K._Kulkarni,Q15079635,female,75,,2013.0
Scientist,Sulamith_Goldhaber,Q2899781,female,42,,2007.0
Scientist,Sulochana_Gadgil,Q7636487,female,0,,2012.0
Scientist,Sultan_Ahmed_Ismail,Q16149050,male,73,,2007.0
Scientist,Sultan_Bashiruddin_Mahmood,Q7636644,male,0,,2001.0
Scientist,Sultan_Hassan_(astrophysicist),Q115238470,male,0,,2022.0
Scientist,Sumaira_Abdulali,Q21173848,female,63,,2015.0
Scientist,Suman_Kumar_Dhar,Q27735566,male,56,,2016.0
Scientist,Sumantra_Ghoshal,Q1793573,male,56,,2005.0
Scientist,Sumathi_Rao,Q66303617,female,68,,2020.0
Scientist,Sumi_Helal,Q7637093,male,0,,2008.0
Scientist,Sumio_Iijima,Q1349968,male,85,,2004.0
Scientist,Sumio_Watanabe,Q11562406,male,65,,2018.0
Scientist,Sumit_Bhaduri,Q27917092,male,76,,2016.0
Scientist,Sumit_Ganguly,Q17090449,male,0,,2012.0
Scientist,Sumit_Ranjan_Das,Q42162931,male,69,,2017.0
Scientist,Sumita_Mitra,Q110206590,female,0,,2021.0
Scientist,Sumner_Byron_Myers,Q983398,male,45,,2005.0
Scientist,Sumner_Slichter,Q7637991,male,67,,2008.0
Scientist,Sumudu_Atapattu,Q60286772,male,0,,2018.0
Scientist,Sun-Yung_Alice_Chang,Q1440827,female,0,,2009.0
Scientist,Sun_Baoguo,Q7638196,male,63,,2011.0
Scientist,Sun_Binyong,Q76310945,male,0,,2019.0
Scientist,Sun_Fengchun,Q60992524,male,66,,2021.0
Scientist,Sun_Heping_(scientist),Q78315238,male,0,,2019.0
Scientist,Sun_Hong_Rhie,Q114060284,female,69,,2022.0
Scientist,Sun_Jiadong,Q986597,male,95,,2008.0
Scientist,Sun_Jinsheng,Q48936247,male,59,,2021.0
Scientist,Sun_Laiyan,Q3121188,male,0,,2005.0
Scientist,Sun_Lili,Q83361393,female,0,,2020.0
Scientist,Sun_Ninghui,Q83818850,male,0,,2020.0
Scientist,Sun_Ruyong,Q9041026,male,93,,2020.0
Scientist,Sun_Wei_(engineer),Q22100448,female,84,,2019.0
Scientist,Sundaraja_Sitharama_Iyengar,Q7639230,male,77,,2010.0
Scientist,Sundaram_Natarajan,Q17160431,male,67,,2019.0
Scientist,Sundaram_Thangavelu,Q16885956,male,0,,2013.0
Scientist,Sundeep_Waslekar,Q7639655,male,0,,2009.0
Scientist,Sune_Bergström,Q295696,male,88,,2004.0
Scientist,Sune_Toft,Q58853645,male,0,,2020.0
Scientist,Sunetra_Gupta,Q2366381,female,59,,2007.0
Scientist,Sung-Mo_Kang,Q7640093,male,0,,2009.0
Scientist,Sung-Yoon_Lee,Q13620485,male,0,,2013.0
Scientist,Sung-lan_Hsia,Q99932366,male,-14,,2020.0
Scientist,Sunghoon_Kwon,Q96406715,,49,,2020.0
Scientist,Sunghyun_Choi,Q29347968,male,0,,2017.0
Scientist,Sunil_K._Agrawal,Q27063027,male,0,,2016.0
Scientist,Sunil_Kumar_Ahuja,Q7640314,male,63,,2008.0
Scientist,Sunil_Kumar_Manna,Q47472254,male,56,,2018.0
Scientist,Sunil_Kumar_Podder,Q27063898,male,85,,2016.0
Scientist,Sunil_Kumar_Singh_(geochemist),Q28155108,male,53,,2017.0
Scientist,Sunil_Kumar_Verma,Q19899145,male,47,,2010.0
Scientist,Sunil_Mukhi,Q32782,male,68,,2007.0
Scientist,Suning_Wang,Q59298460,female,62,,2018.0
Scientist,Sunney_Chan,Q59673350,male,88,,2018.0
Scientist,Sunčica_Čanić,Q21127584,female,0,,2015.0
Scientist,Supachai_Tangwongsan,Q22096344,male,77,,2015.0
Scientist,Supawan_Tantayanon,Q113575419,female,0,,2022.0
Scientist,Supeno_Surija,Q23927260,male,0,,2016.0
Scientist,Superpartner,Q1051902,,0,,2004.0
Scientist,Suporn_Watanyusakul,Q7644413,male,0,,2004.0
Scientist,Supriyo_Bandyopadhyay,Q90565644,male,0,,2022.0
Scientist,Supriyo_Datta,Q6466487,male,0,,2011.0
Scientist,Surajit_Chaudhuri,Q7645343,male,0,,2006.0
Scientist,Surajit_Dhara,Q108336577,male,49,,2021.0
Scientist,Suranga_Nanayakkara,Q18749111,male,0,,2014.0
Scientist,Suranganie_Dharmawardhane,Q65969967,female,0,,2019.0
Scientist,Suren_Yeremian,Q2047004,male,84,,2008.0
Scientist,Surender_Kumar_Malik,Q16015306,male,59,,2013.0
Scientist,Surendra_Nath_Pandeya,Q24050411,male,0,,2016.0
Scientist,Surendra_Prasad,Q28465322,male,76,,2017.0
Scientist,Suresh_H._Moolgavkar,Q16106363,male,81,,2013.0
Scientist,Suresh_Kumar_Bhatia,Q28481218,male,72,,2017.0
Scientist,Suresh_Kumar_Rayala,Q60643699,male,0,,2019.0
Scientist,Suresh_P._Sethi,Q7645768,male,0,,2009.0
Scientist,Suresh_Rattan,Q7645780,male,0,,2007.0
Scientist,Suresh_Subramani,Q7645785,male,0,,2011.0
Scientist,Suresh_Venapally,Q7645799,male,0,,2009.0
Scientist,Suresh_Venkatasubramanian,Q29383797,male,0,,2017.0
Scientist,Suri_Bhagavantam,Q7646257,male,80,,2009.0
Scientist,Suri_Sehgal,Q27067815,male,90,,2016.0
Scientist,Surindar_Kumar_Trehan,Q16016290,male,93,,2013.0
Scientist,Surinder_Singh_Bakhshi,Q113719789,male,0,,2022.0
Scientist,Surita_Bhatia,Q92977789,female,0,,2021.0
Scientist,Surya_Ganguli,Q84428985,male,0,,2020.0
Scientist,Surya_Santoso,Q7647373,male,0,,2013.0
Scientist,Suryanarayanasastry_Ramasesha,Q27917093,male,74,,2016.0
Scientist,Susan_Ackerman_(neuroscientist),Q7647495,female,0,,2012.0
Scientist,Susan_Alberts,Q18921310,female,0,,2015.0
Scientist,Susan_B._Davidson,Q16728408,female,0,,2013.0
Scientist,Susan_B._Horwitz,Q16729921,female,59,,2014.0
Scientist,Susan_Baker_(virologist),Q19865464,female,0,,2015.0
Scientist,Susan_Band_Horwitz,Q16866414,female,0,,2014.0
Scientist,Susan_Bernal,Q57935267,female,0,,2021.0
Scientist,Susan_Biering,,,0,,
Scientist,Susan_Bradley,Q7647599,female,0,,2008.0
Scientist,Susan_Brain,Q61849045,female,0,,2019.0
Scientist,Susan_Brawley,Q108882964,,73,,2021.0
Scientist,Susan_Brown_(mathematician),Q21005204,female,87,,2015.0
Scientist,Susan_Bulmer,Q65032064,female,91,,2020.0
Scientist,Susan_C._Baker,,,0,,2019.0
Scientist,Susan_C._Scrimshaw,Q112457455,female,0,,2022.0
Scientist,Susan_Cachel,Q18685139,female,0,,2014.0
Scientist,Susan_Carey,Q7647651,female,0,,2008.0
Scientist,Susan_Celniker,Q64871649,female,0,,2020.0
Scientist,Susan_Clancy,Q2896422,female,0,,2005.0
Scientist,Susan_Coppersmith,Q23661774,female,67,,2019.0
Scientist,Susan_Curtiss,Q105837984,female,0,,2021.0
Scientist,Susan_Cutter,Q45313849,female,0,,2018.0
Scientist,Susan_D._Allen,Q96572412,female,0,,2020.0
Scientist,Susan_D._Richardson,Q111280078,female,0,,2022.0
Scientist,Susan_Daniel,Q89030843,female,0,,2020.0
Scientist,Susan_Dumais,Q11569,female,0,,2005.0
Scientist,Susan_Dymecki,Q87472082,female,64,,2020.0
Scientist,Susan_Dynarski,Q27970541,female,0,,2016.0
Scientist,Susan_E._Evans,Q7647773,female,0,,2010.0
Scientist,Susan_Eapen,Q101438705,female,0,,2020.0
Scientist,Susan_Eisenbach,Q52450745,female,0,,2018.0
Scientist,Susan_Fereday_(botanical_artist),Q28873120,female,-146,,2017.0
Scientist,Susan_Ferro-Novick,Q28322952,female,0,,2019.0
Scientist,Susan_Franceschet,Q97119779,female,0,,2020.0
Scientist,Susan_Friedlander,Q14942999,female,0,,2014.0
Scientist,Susan_G._Conard,Q63663376,female,0,,2019.0
Scientist,Susan_G._Finley,Q22277791,female,0,,2015.0
Scientist,Susan_Geertshuis,Q55971466,female,0,,2018.0
Scientist,Susan_Gelman,Q7647870,female,67,,2009.0
Scientist,Susan_Gerbi,Q15989707,female,0,,2013.0
Scientist,Susan_Gerhart,Q11600,female,0,,2012.0
Scientist,Susan_Golden,Q29453219,female,0,,2017.0
Scientist,Susan_Goldin-Meadow,Q7647881,female,0,,2008.0
Scientist,Susan_Gottesman,Q19642513,female,79,,2015.0
Scientist,Susan_Gourvenec,Q114083436,female,0,,2022.0
Scientist,"Susan_Greenfield,_Baroness_Greenfield",Q336163,female,74,,2004.0
Scientist,Susan_Groenwald,Q56223210,female,0,,2018.0
Scientist,Susan_H._Rodger,Q16975756,female,0,,2013.0
Scientist,Susan_H._Spence,Q19879319,female,71,,2014.0
Scientist,Susan_Hagness,Q78170630,female,0,,2020.0
Scientist,Susan_Halgedahl,Q107463444,female,0,,2021.0
Scientist,Susan_Harrison_(ecologist),Q63433404,female,0,,2019.0
Scientist,Susan_Harrison_(ecologist),Q7647930,female,0,,2019.0
Scientist,Susan_Henrichs,Q7647947,female,0,,2008.0
Scientist,Susan_Hill_(activist),Q23682378,female,62,,2016.0
Scientist,Susan_Horn,Q28777216,female,0,,2017.0
Scientist,Susan_Houde-Walter,Q7647969,female,70,,2009.0
Scientist,Susan_Hough,Q15460956,female,63,,2007.0
Scientist,Susan_Houseman,Q29571045,female,0,,2020.0
Scientist,Susan_Howson,Q92781912,,0,,2019.0
Scientist,Susan_Howson_(mathematician),Q68225201,female,0,,2006.0
Scientist,Susan_Howson_(mathematician),Q930603,female,0,,2006.0
Scientist,Susan_Huganir_Magsamen,Q85678948,female,65,,2020.0
Scientist,Susan_Humphris,Q104073263,female,0,,2021.0
Scientist,Susan_Iversen,Q28870758,,84,,2017.0
Scientist,Susan_J._Carroll,Q87493659,female,0,,2020.0
Scientist,Susan_J._Crockford,Q28018729,female,0,,2018.0
Scientist,Susan_J._Eggers,Q15995047,female,0,,2014.0
Scientist,Susan_J._Kelley,Q7648016,female,0,,2007.0
Scientist,Susan_J._Smith,Q15451735,female,0,,2009.0
Scientist,Susan_Jane_Colley,Q61722013,female,0,,2019.0
Scientist,Susan_Jane_Cunningham,Q7648025,female,79,,2012.0
Scientist,Susan_Jebb,Q17479598,female,0,,2014.0
Scientist,Susan_K._Foss,Q110220945,female,0,,2021.0
Scientist,Susan_K._Gilmour,Q25160382,female,0,,2016.0
Scientist,Susan_K._Gregurick,Q110630134,female,0,,2022.0
Scientist,Susan_Kaech,Q67186400,female,0,,2019.0
Scientist,Susan_Kane,Q15129884,female,0,,2013.0
Scientist,Susan_Kayser,Q27487469,female,0,,2016.0
Scientist,Susan_Kemp,Q65951220,female,0,,2019.0
Scientist,Susan_Kilham,Q110982759,female,0,,2022.0
Scientist,Susan_Krumdieck,Q55956140,female,0,,2018.0
Scientist,Susan_L._Graham,Q11612,female,82,,2006.0
Scientist,Susan_L._Swain,Q56754956,female,0,,2018.0
Scientist,Susan_Landau,Q11766,female,0,,2008.0
Scientist,Susan_Lea_(scientist),Q42425353,female,0,,2022.0
Scientist,Susan_Leeman,Q17466387,female,94,,2014.0
Scientist,Susan_Lim_(parasitologist),Q18977405,female,62,,2015.0
Scientist,Susan_Lindquist,Q520992,female,67,,2002.0
Scientist,Susan_Lovett,Q54457932,female,0,,2021.0
Scientist,Susan_Lozier,Q19667508,female,0,,2015.0
Scientist,Susan_M._Dray,Q51754467,female,0,,2018.0
Scientist,Susan_M._Ervin-Tripp,Q7648131,female,97,,2008.0
Scientist,Susan_M._Kauzlarich,Q62081384,female,0,,2019.0
Scientist,Susan_M._Kidwell,Q33027049,female,0,,2018.0
Scientist,Susan_M._Lunte,Q114208827,,0,,2022.0
Scientist,Susan_Mackem,Q90201720,female,0,,2020.0
Scientist,Susan_Mackinnon,Q112629237,,0,,2022.0
Scientist,Susan_Margaret_Watkins,Q24048996,female,81,,2014.0
Scientist,Susan_Margulies,Q53488524,female,0,,2018.0
Scientist,Susan_Marqusee,Q24266518,female,0,,2016.0
Scientist,Susan_McConnell,Q19564358,female,0,,2015.0
Scientist,Susan_McCouch,Q56035682,female,0,,2018.0
Scientist,Susan_McElroy,Q56816544,female,0,,2021.0
Scientist,Susan_McGahey,Q21538342,female,0,,2017.0
Scientist,Susan_McIntosh,Q96788910,female,0,,2021.0
Scientist,Susan_McKenna-Lawlor,Q20642391,female,89,,2015.0
Scientist,Susan_McKinney_Steward,Q4794023,female,-106,,2006.0
Scientist,Susan_Michie,Q7648182,female,69,,2007.0
Scientist,Susan_Miller_Rambo,Q18386636,female,94,,2014.0
Scientist,Susan_Montgomery,Q2368914,female,81,,2013.0
Scientist,Susan_Nolen-Hoeksema,Q7648241,female,54,,2011.0
Scientist,Susan_Odom,Q59555622,female,0,,2021.0
Scientist,Susan_P._Holmes,Q33082910,female,0,,2017.0
Scientist,Susan_Pardee_Baker,Q63378738,female,94,,2019.0
Scientist,Susan_Perkin,Q59576644,female,0,,2020.0
Scientist,Susan_Pinker,Q542461,female,0,,2009.0
Scientist,Susan_Quaggin,Q76570181,female,0,,2019.0
Scientist,Susan_R._Wessler,Q4795323,female,0,,2006.0
Scientist,Susan_R._Wilson,Q43836123,female,0,,2017.0
Scientist,Susan_Reutzel-Edens,Q61050478,female,0,,2022.0
Scientist,Susan_Riechert,Q21341101,female,79,,2017.0
Scientist,Susan_Rossell,Q19878178,female,0,,2014.0
Scientist,Susan_Rosser,Q51858622,female,0,,2018.0
Scientist,Susan_S._Ellenberg,Q59160152,female,0,,2018.0
Scientist,Susan_S._Hubbard,Q87742389,female,0,,2020.0
Scientist,Susan_S._Taylor,Q23682474,female,0,,2016.0
Scientist,Susan_Schenk,Q55584050,female,0,,2018.0
Scientist,Susan_Schwartz,Q60390312,female,0,,2011.0
Scientist,Susan_Sellers,Q7648367,female,0,,2008.0
Scientist,Susan_Serjeantson,Q87469316,female,0,,2021.0
Scientist,Susan_Shaw_(conservationist),Q15429604,female,79,,2013.0
Scientist,Susan_Shaw_Devesa,Q87074382,female,80,,2022.0
Scientist,Susan_Shore,Q89047191,female,0,,2022.0
Scientist,Susan_Short,Q111654013,female,0,,2019.0
Scientist,Susan_Sinnott,Q51083310,female,0,,2020.0
Scientist,Susan_Smalley,Q7648399,female,0,,2009.0
Scientist,Susan_Smythe_Kung,Q25138469,female,0,,2016.0
Scientist,Susan_Solomon,Q445519,female,68,,2007.0
Scientist,Susan_Sorenson,Q26703673,female,0,,2016.0
Scientist,Susan_Stover,Q26849758,female,0,,2016.0
Scientist,Susan_Strome,Q65088229,female,0,,2019.0
Scientist,Susan_Subak,Q70000662,female,0,,2019.0
Scientist,Susan_Sutherland_Isaacs,Q267430,female,63,,2007.0
Scientist,Susan_Trumbore,Q51652087,female,0,,2018.0
Scientist,Susan_Ustin,Q58449832,female,0,,2020.0
Scientist,Susan_Waltz,Q7648504,female,0,,2012.0
Scientist,Susan_Watson_(academic),Q55971518,female,0,,2018.0
Scientist,Susan_Watts,Q7648511,female,62,,2004.0
Scientist,Susan_Weintraub,Q63225360,female,0,,2019.0
Scientist,Susan_Weiss,Q42353716,female,0,,2020.0
Scientist,Susan_Williams_(marine_biologist),Q52231748,female,67,,2018.0
Scientist,Susan_Williams_McElroy,Q99658985,female,0,,2020.0
Scientist,Susan_Wray,Q18009228,female,0,,2014.0
Scientist,Susan_Wu,Q56883520,female,-6,,2021.0
Scientist,Susan_Y._Bookheimer,Q52280048,female,0,,2019.0
Scientist,Susan_van_den_Heever,Q58150274,female,0,,2021.0
Scientist,Susana_Agustí,Q26702586,female,0,,2016.0
Scientist,Susana_López_Charretón,Q4795076,female,67,,2007.0
Scientist,Susana_Marcos_Celestino,Q19766160,female,54,,2019.0
Scientist,Susana_Martinez-Conde,Q20022445,female,55,,2015.0
Scientist,Susann-Annette_Storm,Q16189536,female,67,,2014.0
Scientist,Susanna-Assunta_Sansone,Q28913668,female,0,,2022.0
Scientist,Susanna_Dunachie,Q56774959,female,0,,2021.0
Scientist,Susanna_Paasonen,Q11895372,female,0,,2013.0
Scientist,Susanna_Phelps_Gage,Q21523475,female,58,,2015.0
Scientist,Susanna_S._Epp,Q7648693,female,0,,2011.0
Scientist,Susannah_M._Porter,Q89227847,female,0,,2021.0
Scientist,Susannah_Maidment,Q57242522,female,0,,2018.0
Scientist,Susannah_Scott,Q90482032,,0,,2021.0
Scientist,Susanne_Aalto,Q15587381,female,0,,2021.0
Scientist,Susanne_Boll,Q15931034,female,0,,2009.0
Scientist,Susanne_Menden-Deuer,Q57507732,female,0,,2022.0
Scientist,Susanne_Paland,,,0,,
Scientist,Susanne_Rafelski,Q104249707,female,44,,2021.0
Scientist,Susanne_Renner,Q98268,female,70,,2014.0
Scientist,Susanne_Schneider,Q105435401,female,0,,2020.0
Scientist,Susanne_von_Caemmerer,Q25999486,female,0,,2016.0
Scientist,Susanne_Åkesson,Q4991056,female,0,,2014.0
Scientist,Suse_Broyde,Q41508315,female,0,,2021.0
Scientist,Susette_Talarico,Q104144439,female,61,,2020.0
Scientist,Sushil_Jajodia,Q29387186,male,0,,2017.0
Scientist,Sushil_Kumar_(biologist),Q27924858,male,81,,2016.0
Scientist,Sushil_Kumar_Mandal,,,0,,
Scientist,Susie_W._Håkansson,Q7649072,female,84,,2012.0
Scientist,Susie_Wood,Q42290336,female,0,,2021.0
Scientist,Sussan_Siavoshi,Q107006690,female,0,,2021.0
Scientist,Susumu_Hagiwara,Q7649761,male,67,,2012.0
Scientist,Susumu_Kitagawa,Q11401680,male,73,,2017.0
Scientist,Susumu_Kuno,Q4326803,male,91,,2006.0
Scientist,Susumu_Ohno,Q711986,male,0,,2006.0
Scientist,Susumu_Okubo,Q2369848,male,85,,2011.0
Scientist,Susumu_Tonegawa,Q108602,male,85,,2004.0
Scientist,Susy_Frankel,Q64852740,female,0,,2019.0
Scientist,Suvendra_Nath_Bhattacharyya,Q27736279,male,49,,2016.0
Scientist,Suvira_Jaiswal,Q38250340,female,0,,2017.0
Scientist,Suzan_Kahramaner,Q16017442,female,93,,2013.0
Scientist,Suzan_Rose_Benedict,Q18386685,female,69,,2014.0
Scientist,Suzana_Herculano-Houzel,Q10375239,female,0,,2015.0
Scientist,Suzana_Kostić,Q3612280,female,63,,2013.0
Scientist,Suzana_Straus,Q55117837,female,0,,2021.0
Scientist,Suzanna_Lewis,Q7650732,female,0,,2012.0
Scientist,Suzanna_Randall,Q62693167,female,45,,2022.0
Scientist,Suzannah_Lipscomb,Q7650747,female,46,,2011.0
Scientist,Suzanne_Aigrain,Q56576808,female,45,,2018.0
Scientist,Suzanne_Amador_Kane,Q43102498,female,0,,2019.0
Scientist,Suzanne_Anderson,Q56510538,female,0,,2021.0
Scientist,Suzanne_Bart,Q88254044,female,0,,2022.0
Scientist,Suzanne_Bennett_Johnson,Q18631192,female,76,,2014.0
Scientist,Suzanne_Berger,Q7650770,female,0,,2009.0
Scientist,Suzanne_Blum,Q57532379,female,0,,2018.0
Scientist,Suzanne_Carbotte,Q107538720,female,0,,2021.0
Scientist,Suzanne_Chambers,Q56233428,female,0,,2019.0
Scientist,Suzanne_Corkin,Q16104641,female,79,,2013.0
Scientist,Suzanne_Cory,Q1231087,female,82,,2007.0
Scientist,Suzanne_Dickson,Q46699724,female,58,,2021.0
Scientist,Suzanne_Eaton,Q65068820,female,60,,2019.0
Scientist,Suzanne_Estes,,,0,,
Scientist,Suzanne_Imber,Q51754915,female,0,,2018.0
Scientist,Suzanne_Jane_Wilkinson,Q55761269,female,0,,2018.0
Scientist,Suzanne_Jovet-Ast,Q18985986,female,110,,2020.0
Scientist,Suzanne_Lenhart,Q20085728,female,0,,2015.0
Scientist,Suzanne_Lyn_Barker-Collo,Q29998771,female,0,,2024.0
Scientist,Suzanne_Mahlburg_Kay,Q60768725,,0,,2019.0
Scientist,Suzanne_Pitama,Q89186110,female,0,,2020.0
Scientist,Suzanne_Purdy,Q55819444,female,0,,2018.0
Scientist,Suzanne_Scarlata,Q90219295,female,0,,2022.0
Scientist,Suzanne_Simard,Q26702907,female,0,,2016.0
Scientist,Suzanne_Smrekar,Q18759523,female,0,,2018.0
Scientist,Suzanne_Staggs,Q29470887,female,59,,2017.0
Scientist,Suzanne_Steinbaum,Q18158450,female,0,,2014.0
Scientist,Suzanne_Urverg-Ratsimamanga,Q71543347,female,88,,2022.0
Scientist,Suzanne_W._Tourtellotte,Q18616880,female,68,,2014.0
Scientist,Suzanne_Weekes,Q30122232,female,0,,2017.0
Scientist,Suzanne_Zukin,Q71337532,female,0,,2019.0
Scientist,Suzi_Gage,Q48699889,female,0,,2018.0
Scientist,Suzi_Kerr,Q31635992,female,0,,2017.0
Scientist,Suzie_Sheehy,Q55230019,female,0,,2018.0
Scientist,Suzy_Covey,Q11497,female,68,,2007.0
Scientist,Svante_Arrhenius,Q80956,male,0,,2002.0
Scientist,Svante_Arrhenius__Svante_Arrhenius__1,,,68,,
Scientist,Svante_Björck,Q5577440,male,0,,2018.0
Scientist,Svante_Janson,Q4181206,male,69,,2010.0
Scientist,Svante_Janson,Q92730027,,69,,2010.0
Scientist,Svante_Pääbo,Q170342,male,69,,2002.0
Scientist,Svein-Erik_Hamran,Q105715988,male,0,,2021.0
Scientist,Svein_Haugsgjerd,Q17096382,male,82,,2018.0
Scientist,Sven_Caspersen,Q64827896,male,0,,2019.0
Scientist,Sven_Erik_Jørgensen,Q7651966,male,90,,2007.0
Scientist,Sven_Furberg,Q12004298,male,63,,2012.0
Scientist,Sven_Gavelin,Q5753612,male,82,,2015.0
Scientist,Sven_Hörstadius,Q5821411,male,0,,2007.0
Scientist,Sven_Koenig_(computer_scientist),Q7652008,male,0,,2009.0
Scientist,Sven_Ludvig_Lovén,Q557375,male,86,,2010.0
Scientist,Sven_Pagel,Q96439823,male,51,,2020.0
Scientist,Sven_Rinman,Q6073243,male,72,,2008.0
Scientist,Sven_Skyum,,,0,,
Scientist,Sven_Windahl,Q6243992,male,82,,2009.0
Scientist,Svend_Brinkmann,Q12337928,male,49,,2016.0
Scientist,Svend_O._Heiberg,Q7652116,male,65,,2012.0
Scientist,Sverker_Fredriksson,,,0,,
Scientist,Sverker_Johansson,Q17417773,male,0,,2015.0
Scientist,Sverre_Aarseth,Q5996859,male,90,,2012.0
Scientist,Sverre_Dick_Henriksen,Q7652242,male,95,,2009.0
Scientist,Sverre_Lodgaard,Q7652305,male,79,,2008.0
Scientist,Sverre_Olaf_Lie,Q3616615,male,86,,2012.0
Scientist,Sverre_Petterssen,Q515091,male,76,,2004.0
Scientist,Sverre_Steen,Q6187863,male,0,,2010.0
Scientist,Svetlana_Dambinova,Q22133451,female,75,,2016.0
Scientist,Svetlana_Gerasimenko,Q12095007,female,79,,2014.0
Scientist,Svetlana_Jitomirskaya,Q2371791,female,58,,2015.0
Scientist,Svetlana_Katok,Q2371787,female,0,,2013.0
Scientist,Svetlana_Kirdina,Q4221205,female,69,,2012.0
Scientist,Svetlana_Pasti,Q18229108,female,0,,2014.0
Scientist,Svetlana_Selezneva,Q53977158,female,55,,2018.0
Scientist,Svetlana_Zaginaichenko,Q61598418,female,58,,2022.0
Scientist,Svetozar_Kurepa,Q7652618,male,81,,2010.0
Scientist,Svyatoslav_Fyodorov,Q1397809,male,73,,2004.0
Scientist,Svyatoslav_Gabuda,Q20891947,male,79,,2016.0
Scientist,Swadhin_Kumar_Mandal,Q60194638,male,0,,2018.0
Scientist,Swale_Vincent,Q7653067,male,65,,2011.0
Scientist,Swapan_Chattopadhyay,Q7653789,male,73,,2008.0
Scientist,Swapan_K._Gayen,Q23303032,male,0,,2016.0
Scientist,Swapan_Kumar_Datta,Q24006574,male,71,,2016.0
Scientist,Swapan_Kumar_Pati,Q27965125,male,56,,2016.0
Scientist,Swati_Haldar,,,0,,
Scientist,Swati_Mohan,Q105575990,female,0,,2021.0
Scientist,Swedish_bitters,Q7654913,,0,,2006.0
Scientist,Swee_Lay_Thein,Q58220948,female,0,,2019.0
Scientist,Sy_Friedman,Q700374,male,71,,2008.0
Scientist,Syamadas_Mukhopadhyaya,Q7659452,male,71,,2012.0
Scientist,Sybil_Cooper,Q43400582,female,0,,2017.0
Scientist,Sybil_P._Seitzinger,Q62772857,female,0,,2019.0
Scientist,Sybilla_Beckmann,Q27730319,female,0,,2016.0
Scientist,Sybren_de_Groot,,,0,,
Scientist,Sydel_Silverman,Q27860332,female,86,,2016.0
Scientist,Sydney_Brenner,Q234463,male,92,,2003.0
Scientist,Sydney_Chapman_(mathematician),Q711256,male,82,,2004.0
Scientist,Sydney_Copeman,Q7659879,male,85,,2006.0
Scientist,Sydney_Dodd,Q19879721,male,-98,,2015.0
Scientist,Sydney_Domville_Rowland,Q114023238,male,45,,2022.0
Scientist,Sydney_Goldstein,Q451685,male,86,,2006.0
Scientist,Sydney_Kustu,Q60361131,female,81,,2019.0
Scientist,Sydney_Meshkov,Q61905590,male,93,,2018.0
Scientist,Sydney_Patterson,Q7660086,male,0,,2011.0
Scientist,Sydney_Selwyn,Q7660137,male,62,,2009.0
Scientist,Sydney_Skaife,Q7660145,male,87,,2006.0
Scientist,Syed_Akhter_Hossain,Q23418892,male,55,,2016.0
Scientist,Syed_Farid_al-Attas,Q16002333,male,0,,2014.0
Scientist,Syed_Hedayetullah,Q24284392,male,-51,,2016.0
Scientist,Syed_Mahmood_Naqvi,Q7660365,male,68,,2010.0
Scientist,Syed_Modasser_Ali,Q7660380,male,78,,2007.0
Scientist,Syed_Sohail_Hussain_Naqvi,Q42336697,male,0,,2017.0
Scientist,Syed_Tajammul_Hussain,Q28445546,male,62,,2017.0
Scientist,Syed_Wadal_Shah,Q111850238,male,36,,2022.0
Scientist,Syed_Zahoor_Qasim,Q8064717,male,89,,2007.0
Scientist,Sylvain_Arend,Q472608,male,0,,2004.0
Scientist,Sylvain_Cappell,Q7660615,male,0,,2008.0
Scientist,Sylvain_Crovisier,,,0,,
Scientist,Sylvain_Ehrenfeld,,,0,,
Scientist,Sylvain_Julien_Victor_Arend,,,0,,2010.0
Scientist,Sylvain_Lévi,Q725444,male,161,,2005.0
Scientist,Sylvain_Martel,Q28872476,male,0,,2017.0
Scientist,Sylvanus_Charles_Thorp_Hanley,Q7660717,male,0,,2009.0
Scientist,Sylvanus_Morley,Q533121,male,65,,2005.0
Scientist,Sylvester_James_Gates,Q1130414,male,74,,2005.0
Scientist,Sylvestre_François_Lacroix,Q983382,male,259,,2005.0
Scientist,Sylvia_Agnes_Sophia_Tait,Q7660876,female,86,,2012.0
Scientist,Sylvia_Chant,Q7660896,female,66,,2011.0
Scientist,Sylvia_Chin-Pi_Lu,Q65031509,female,0,,2019.0
Scientist,Sylvia_Earle,Q439046,female,89,,2004.0
Scientist,Sylvia_Frühwirth-Schnatter,Q2374189,female,65,,2019.0
Scientist,Sylvia_Kierkegaard,Q7660946,female,0,,2006.0
Scientist,Sylvia_Ratnasamy,Q22915109,female,0,,2016.0
Scientist,Sylvia_Richardson,Q10375446,female,0,,2007.0
Scientist,Sylvia_Rumball,Q107744987,female,0,,2021.0
Scientist,Sylvia_Serfaty,Q519885,female,0,,2010.0
Scientist,Sylvia_Stoesser,Q66011486,female,90,,2019.0
Scientist,Sylvia_T._Ceyer,Q55213,female,0,,2006.0
Scientist,Sylvia_Walby,Q7661023,female,71,,2007.0
Scientist,Sylvia_Wassertheil-Smoller,Q30002263,female,0,,2019.0
Scientist,Sylvia_Weir,Q58030770,female,93,,2018.0
Scientist,Sylvia_Wiegand,Q7661025,female,79,,2012.0
Scientist,Sylvie_Briand,Q94999680,female,0,,2020.0
Scientist,Sylvie_Chetty,Q65951903,female,0,,2019.0
Scientist,Sylvie_Garneau-Tsodikova,Q38323827,female,0,,2021.0
Scientist,Sylvie_Méléard,Q3507370,female,0,,2019.0
Scientist,Sylvie_Ngouadakpa,Q60716039,female,0,,2020.0
Scientist,Sylvy_Kornberg,Q76836403,female,0,,2019.0
Scientist,Sylwester_Porowski,Q7661084,male,86,,2005.0
Scientist,Syma_Khalid,Q43243869,female,0,,2021.0
Scientist,Synthetic_differential_geometry,Q7662747,,0,,2006.0
Scientist,Syo_Kurokawa,Q21339137,male,98,,2016.0
Scientist,Systems_biology,Q128570,,0,,2004.0
Scientist,Systems_biology,Q815297,,0,,2004.0
Scientist,Syun-Ichi_Akasofu,Q1067626,male,94,,2007.0
Scientist,Sze-Tsen_Hu,Q21604664,male,85,,2015.0
Scientist,Szilveszter_E._Vizi,Q687724,male,88,,2010.0
Scientist,Szolem_Mandelbrojt,Q720471,male,84,,2004.0
Scientist,Sámuel_Fenichel,Q999782,male,0,,2019.0
Scientist,Sándor_Csernus,Q35312638,male,74,,2017.0
Scientist,Sándor_Csörgő,Q716065,male,61,,2005.0
Scientist,Sándor_Ferenczi,Q335466,male,60,,2002.0
Scientist,Sándor_J._Kovács,Q7665274,male,0,,2012.0
Scientist,Sándor_Korányi,Q932088,male,78,,2011.0
Scientist,Sébastien_Candel,Q3509987,male,78,,2017.0
Scientist,Sébastien_Truchet,Q1410935,male,-295,,2009.0
Scientist,Sébastien_Vaillant,Q737706,male,355,,2004.0
Scientist,Sérgio_Henrique_Ferreira,Q517999,male,82,,2005.0
Scientist,Sérgio_Meira,Q12834468,male,56,,2014.0
Scientist,Sérgio_Pena_(geneticist),Q10376207,male,77,,2021.0
Scientist,Sérgio_Pereira_da_Silva_Porto,Q3479680,male,98,,2010.0
Scientist,Sérgio_Trindade,Q88332749,male,80,,2020.0
Scientist,Sönke_Neitzel,Q85264,male,56,,2011.0
Scientist,Søren_Absalon_Larsen,Q3511568,male,86,,2011.0
Scientist,Søren_Brunak,Q7666528,male,0,,2008.0
Scientist,Søren_Løvtrup,Q5970050,male,0,,2015.0
Scientist,Søren_Thomsen,,,0,,
Scientist,Sıddık_Sami_Onar,Q1720724,male,75,,2015.0
Scientist,Sławomir_Miklaszewski,Q20753160,male,75,,2018.0
Scientist,Sōichi_Kakeya,Q2382771,male,61,,2009.0
Scientist,T.A._Sarasvati_Amma,,,0,,2013.0
Scientist,T.K.Siva_Prasad,,,0,,
Scientist,T.R._Anantharaman,,,0,,2009.0
Scientist,T.S._Michael,,,0,,
Scientist,T.S._Wheeler,,,0,,
Scientist,T._A._Springer,Q2442209,male,85,,2007.0
Scientist,T._A._Venkitasubramanian,Q26997603,male,79,,2016.0
Scientist,T._Alan_Hatton,Q42291373,male,0,,2017.0
Scientist,T._Bhaskara_Menon,Q7668162,male,50,,2010.0
Scientist,T._Bill_Sutherland,Q7604430,male,82,,2010.0
Scientist,T._C._Anand_Kumar,Q26997704,male,74,,2016.0
Scientist,T._C._Schneirla,Q4525824,male,66,,2013.0
Scientist,T._Christine_Stevens,,,0,,2019.0
Scientist,T._D._J._Nagabhushanam,Q47391323,male,96,,2018.0
Scientist,T._Douglas_Price,Q57305208,male,79,,2020.0
Scientist,T._Edward_Reed,Q58100435,male,0,,2018.0
Scientist,T._Francis_Ogilvie,,,0,,
Scientist,T._Franklin_Williams,,,0,,
Scientist,T._Furuta,,,0,,2004.0
Scientist,T._Gehrels,,,0,,2004.0
Scientist,T._H._Laby,Q7668286,male,66,,2007.0
Scientist,T._H._Philip_Chang,,,0,,
Scientist,T._J._Rodgers,Q7668381,male,76,,2005.0
Scientist,T._Jane_Zelikova,Q58920868,female,46,,2018.0
Scientist,T._K._Sreepada_Rao,Q7668445,male,80,,2007.0
Scientist,T._N._Ananthakrishnan,Q28921545,,99,,2017.0
Scientist,T._N._Krishnamurti,Q16256092,male,0,,2007.0
Scientist,T._N._Shorey,,,0,,2015.0
Scientist,T._N._Venkataramana,Q15995558,male,0,,2013.0
Scientist,T._Neil_Davis,Q7668555,male,0,,2005.0
Scientist,T._R._Govindachari,Q27786162,male,86,,2016.0
Scientist,T._R._M._Howard,Q7668602,male,68,,2006.0
Scientist,T._R._Ramadas,Q16886007,male,69,,2013.0
Scientist,T._R._Seshadri,Q18028536,,75,,2016.0
Scientist,T._R._Sharma,Q46691305,male,59,,2017.0
Scientist,T._R._Shaw,Q7668615,male,96,,2012.0
Scientist,T._Randall_Lee,Q30323356,male,0,,2017.0
Scientist,T._Ryan_Gregory,Q7668648,male,49,,2005.0
Scientist,T._S._R._Prasada_Rao,Q59268556,male,83,,2018.0
Scientist,T._Seki,,,0,,2004.0
Scientist,T._Thrivikraman,Q27063640,male,81,,2016.0
Scientist,T._Tony_Cai,Q7668763,male,0,,2008.0
Scientist,T._V._Mahalingam,Q19666248,male,-41,,2015.0
Scientist,T._V._Paul,Q7668786,male,0,,2006.0
Scientist,T._V._Rajan_Babu,Q110722588,male,0,,2021.0
Scientist,T._V._Ramakrishnan,Q7668791,male,83,,2011.0
Scientist,T._V._Venkatachala_Sastry,Q15673796,male,91,,2014.0
Scientist,T._Wayland_Vaughan,Q1763339,male,82,,2012.0
Scientist,TOH_Guek_Geok_Alicia,,,0,,
Scientist,T_Parimelazhagan,Q96097942,male,51,,2022.0
Scientist,Ta-Chung_Liu,Q10899558,male,61,,2016.0
Scientist,Ta-Feng_Li,,,0,,
Scientist,Tabbetha_Dobbins,Q83780708,female,0,,2019.0
Scientist,Tabetha_S._Boyajian,Q22080714,female,0,,2015.0
Scientist,Tabitha_Solomon,Q96003953,female,75,,2020.0
Scientist,Tad_Murty,Q7674242,male,0,,2005.0
Scientist,Tadahiko_Mizuno,Q4262000,male,0,,2013.0
Scientist,Tadahiro_Sekimoto,Q6140449,male,81,,2006.0
Scientist,Tadamitsu_Kishimoto,Q1496846,male,85,,2006.0
Scientist,Tadao_Tannaka,Q2387114,male,78,,2009.0
Scientist,Tadashi_Kanehisa,Q19830598,male,0,,2015.0
Scientist,Tadashi_Nagano,Q63036278,male,87,,2019.0
Scientist,Tadashi_Tokieda,Q24061141,male,0,,2016.0
Scientist,Tadasi_Nakayama,,,0,,2011.0
Scientist,Tadatsugu_Taniguchi,Q2387129,male,76,,2013.0
Scientist,Tadeusz_Bartczak,Q18784520,male,87,,2016.0
Scientist,Tadeusz_Czesław_Malinowski,Q18942235,male,86,,2014.0
Scientist,Tadeusz_Iwaniec,Q7674475,male,77,,2009.0
Scientist,Tadeusz_Jaczewski,Q7674477,male,0,,2008.0
Scientist,Tadeusz_Krwawicz,Q7674491,male,78,,2005.0
Scientist,Tadeusz_Reichstein,Q115490,male,99,,2003.0
Scientist,Tadeusz_Sulimirski,Q7674529,male,85,,2004.0
Scientist,Tadeusz_Swietochowski,Q4410085,male,85,,2009.0
Scientist,Tadeusz_Szczurek,Q27971068,male,64,,2019.0
Scientist,Tadeusz_Traczyk,,,0,,
Scientist,Tadeusz_Ważewski,Q323507,male,76,,2004.0
Scientist,Tadeáš_Polanský,Q7674560,male,0,,2011.0
Scientist,Tadhg_Begley,Q27062954,male,0,,2016.0
Scientist,Tadija_Pejović,,,0,,
Scientist,Tadija_Smičiklas,Q686092,male,71,,2007.0
Scientist,Tadini_(ophthalmologist),Q7674629,male,0,,2009.0
Scientist,Tae_Sook_Park,,,0,,
Scientist,Taehong_Cho,Q59687875,male,0,,2021.0
Scientist,Taekjip_Ha,Q7674759,male,56,,2012.0
Scientist,Tafazzul_Husain_Kashmiri,Q102352324,male,0,,2020.0
Scientist,"Taft_Toribara,_Ph.D",,,0,,
Scientist,Taha_Yasseri,Q26869105,male,40,,2018.0
Scientist,Tahani_Amer,Q89136974,,0,,2022.0
Scientist,Taher_Elgamal,Q910915,male,69,,2004.0
Scientist,Tahera_Qutbuddin,Q107456860,female,0,,2021.0
Scientist,Tahir_Hussain_(physicist),Q7675497,male,-14,,2010.0
Scientist,Tahir_Shamsi,Q47101301,male,59,,2021.0
Scientist,Tahmasib_Ajdarov,Q64607858,male,60,,2019.0
Scientist,Tahu_Kukutai,Q64624861,female,0,,2019.0
Scientist,Tai-Ping_Liu,Q8987870,male,79,,2018.0
Scientist,Taiarahia_Black,Q66310530,male,0,,2019.0
Scientist,Taima_Moeke-Pickering,Q66437226,female,0,,2019.0
Scientist,Taisiya_Maksimovna_Stadnichenko,Q27709643,female,0,,2016.0
Scientist,Taisiya_Sergeevna_Osintseva,Q4337822,female,85,,2009.0
Scientist,Taiwo_Olayemi_Elufioye,Q22503093,female,0,,2016.0
Scientist,Tak_Wah_Mak,Q2389051,male,78,,2005.0
Scientist,Takaaki_Kajita,Q113628938,,65,,2015.0
Scientist,Takaaki_Kajita,Q11538917,male,65,,2015.0
Scientist,Takahiko_Yamanouchi,Q7677054,male,84,,2010.0
Scientist,Takahiro_Kawai,Q11553790,male,0,,2018.0
Scientist,Takahiro_Shiota,Q2389075,male,0,,2011.0
Scientist,Takamine_Jōkichi,Q910647,male,68,,2001.0
Scientist,Takamure_Itsue,Q3514172,female,70,,2008.0
Scientist,Takanobu_Hayashi,Q5553376,male,0,,2007.0
Scientist,Takao_Kobayashi,Q457312,male,0,,2004.0
Scientist,Takao_Kondo__Takao_Kondo__1,,,0,,
Scientist,Takaoki_Sasaki,Q11382436,male,88,,2014.0
Scientist,Takashi_Gojobori,Q532387,male,73,,2007.0
Scientist,Takashi_Mukaibo,Q7677350,male,85,,2011.0
Scientist,Takashi_Nagai,Q1337364,male,43,,2004.0
Scientist,Takashi_Ono_(mathematician),Q21176243,male,0,,2015.0
Scientist,Takashi_Shirozu,Q7677371,male,0,,2008.0
Scientist,Takashi_Sugimura,Q2389239,male,94,,2014.0
Scientist,Takashi_Yabe,Q7677387,male,0,,2010.0
Scientist,Takasi_Yamazaki,Q19003481,male,86,,2021.0
Scientist,Takayuki_Ito,Q113012713,male,0,,2022.0
Scientist,Takayuki_Tamura,,,0,,
Scientist,Takeo_Hirata,Q11483363,male,64,,2013.0
Scientist,Takeo_Kanade,Q92675,male,79,,2004.0
Scientist,Takeo_Matsubara,Q16886015,male,93,,2012.0
Scientist,Takeshi_Amemiya,Q1324450,male,89,,2005.0
Scientist,Takeshi_Nakano,Q11367483,male,53,,2022.0
Scientist,Takeshi_Oka,Q15432850,male,0,,2016.0
Scientist,Takeshi_Urata,Q450347,male,0,,2004.0
Scientist,Taketani_Mitsuo,Q4354613,male,89,,2008.0
Scientist,Takeyuki_Hida,,,0,,
Scientist,Taksu_Cheon,Q7485672,male,0,,2008.0
Scientist,Takuji_Yosie,,,0,,
Scientist,Takuma_Tanada,Q23302976,male,99,,2016.0
Scientist,Takuo_Aoyagi,Q11661929,male,88,,2020.0
Scientist,Takuo_Kojima,Q957223,male,0,,2004.0
Scientist,Takuzo_Aida,Q7678657,male,68,,2009.0
Scientist,Tal_Arbel,Q60594257,female,0,,2019.0
Scientist,Tal_Rabin,Q17166450,female,0,,2014.0
Scientist,Talal_Asad,Q1974975,male,0,,2006.0
Scientist,Talcott_Parsons,Q203913,male,122,,2002.0
Scientist,Tali_Mendelberg,Q20657325,female,0,,2015.0
Scientist,Talita_Fontoura_Alves,Q19788556,female,0,,2017.0
Scientist,Talithia_Williams,Q23729163,female,0,,2017.0
Scientist,Taliya_Habrieva,Q4494428,female,0,,2014.0
Scientist,Tamar_El_Or,Q7680730,female,0,,2010.0
Scientist,Tamar_Friedmann,,,0,,
Scientist,Tamar_Seideman,Q69360079,female,65,,2019.0
Scientist,Tamar_Ziegler,Q6635951,female,0,,2015.0
Scientist,Tamara_Berg,Q87721107,female,0,,2020.0
Scientist,Tamara_Broderick,Q60191593,female,0,,2018.0
Scientist,Tamara_Davis__Tamara_Davis__1,,,0,,
Scientist,Tamara_Dembo,Q15389591,female,122,,2017.0
Scientist,Tamara_E._Jernigan__US-scientist-stub__1,,,0,,
Scientist,Tamara_G._Kolda,Q42009184,female,0,,2017.0
Scientist,Tamara_Galloway,Q54627836,female,0,,2019.0
Scientist,Tamara_Lefcourt,,,0,,
Scientist,Tamara_Mikhaylovna_Smirnova,,,0,,2016.0
Scientist,Tamara_Mikhaylovna_Smirnova_(astronomer),,,0,,2009.0
Scientist,Tamara_Minko,Q20011469,female,0,,2015.0
Scientist,Tamara_Munzner,Q21044810,female,0,,2015.0
Scientist,Tamara_Sher,Q7680829,female,62,,2006.0
Scientist,Tamara_Smirnova,Q235708,female,0,,2004.0
Scientist,Tamarack_R._Czarnik,Q104099797,male,0,,2020.0
Scientist,Tamejiro_Hiyama,Q11544617,male,78,,2017.0
Scientist,Tameka_A._Clemons,Q96621200,female,0,,2020.0
Scientist,Tamer_Başar,Q7681141,male,78,,2008.0
Scientist,Tamerlan_Aliyev,Q12846393,male,76,,2020.0
Scientist,Tami_Bond,Q18148501,female,0,,2014.0
Scientist,Tamio_Yamakawa,Q29841160,male,97,,2019.0
Scientist,Tamir_Gonen,Q57975707,male,0,,2018.0
Scientist,Tamitha_Skov,Q108655384,female,0,,2021.0
Scientist,Tamsin_Edwards,Q53576257,female,0,,2018.0
Scientist,Tamsin_Ford,Q42614637,female,58,,2019.0
Scientist,Tamsin_Mather,Q55487783,female,48,,2018.0
Scientist,Tamsin_Wilton,Q7681870,female,-18,,2009.0
Scientist,Tamás_Erdélyi_(mathematician),Q7681952,male,63,,2010.0
Scientist,Tamás_Hauer,,,0,,
Scientist,Tamás_Hausel,Q6165077,male,0,,2010.0
Scientist,Tamás_Pócs,Q1243285,male,91,,2022.0
Scientist,Tamás_Szamuely,,,0,,
Scientist,Tamás_Szőnyi,Q1314256,male,0,,2010.0
Scientist,Tamás_Vicsek,Q1426002,male,76,,2015.0
Scientist,Tan_Jiazhen,Q710799,male,0,,2006.0
Scientist,Tan_Jiubin,Q47672330,male,69,,2021.0
Scientist,Tan_Lei,Q2391931,female,61,,2017.0
Scientist,Tan_Qixiang,Q14392749,male,81,,2013.0
Scientist,Tan_Teck_Meng,Q7682137,male,-13,,2008.0
Scientist,Tan_Tianwei,Q47672066,male,0,,2021.0
Scientist,Tan_Weihong,Q22099932,male,64,,2016.0
Scientist,Tanakadate_Aikitsu,Q11575878,male,96,,2014.0
Scientist,Tandy_Warnow,Q16479,female,0,,2012.0
Scientist,Tanel_Tammet,Q7682547,male,59,,2012.0
Scientist,Taner_Edis,Q23908848,male,57,,2016.0
Scientist,Tang_Chao_(physicist),Q5072745,male,0,,2005.0
Scientist,Tang_Fei-fan,,,0,,2018.0
Scientist,Tang_Feifan,Q11136327,male,61,,2015.0
Scientist,Tang_Guangfu,Q48936249,male,58,,2021.0
Scientist,Tang_Li_(engineer),Q48936252,male,59,,2021.0
Scientist,Tang_Lixin,Q83361323,male,0,,2020.0
Scientist,Tang_Xiao'ou,Q64144986,male,0,,2019.0
Scientist,Tang_Xiaowei,Q9048108,male,0,,2012.0
Scientist,Tang_Yijie,Q8464153,male,87,,2014.0
Scientist,Tang_Youqi,Q9122782,male,102,,2022.0
Scientist,Tani_E._Barlow,Q7683213,female,0,,2005.0
Scientist,Tania_A._Baker,Q7683224,female,0,,2012.0
Scientist,Tania_Ka'ai,Q48472650,female,0,,2018.0
Scientist,Tania_Li,,,0,,2022.0
Scientist,Tania_Lombrozo,Q110130676,female,0,,2021.0
Scientist,Tania_López_Marrero,Q65970337,female,0,,2019.0
Scientist,Tania_Schoennagel,Q97319013,female,0,,2020.0
Scientist,Tania_Singer,Q98256,female,0,,2011.0
Scientist,Tania_Sorrell,Q37839159,female,77,,2021.0
Scientist,Tania_Watts,Q88982389,female,0,,2020.0
Scientist,Tanima_Dey,,,0,,
Scientist,Tanja_Brühl,Q1752763,female,55,,2019.0
Scientist,Tanja_Lange,Q27996446,female,0,,2018.0
Scientist,Tanja_Repič,,,0,,
Scientist,Tanja_Schwander,Q37838180,female,0,,2020.0
Scientist,Tanja_Stadler,Q30519242,female,0,,2019.0
Scientist,Tanjore_Ramachandra_Anantharaman,Q7683396,male,82,,2008.0
Scientist,Tanmay_Vachaspati,,,0,,
Scientist,Tanniemola_Liverpool,Q12897632,male,0,,2018.0
Scientist,Tantek_Çelik,Q3515304,male,0,,2004.0
Scientist,Tanya_Atwater,Q544449,female,0,,2007.0
Scientist,Tanya_Khovanova,Q67189756,female,0,,2019.0
Scientist,Tanya_Luhrmann,Q7684019,female,0,,2007.0
Scientist,Tanya_Monro,Q7684027,female,0,,2013.0
Scientist,Tanya_Zelevinsky,Q95690125,female,0,,2020.0
Scientist,Tanzeem_Choudhury,Q47483306,female,0,,2021.0
Scientist,Tanzima_Hashem,Q51752485,female,0,,2018.0
Scientist,Tao_Dong,Q93009113,female,0,,2020.0
Scientist,Taofeek_Owonikoko,Q96642922,male,0,,2020.0
Scientist,Taosheng_Huang,Q64009867,male,63,,2019.0
Scientist,Tapan_Raychaudhuri,Q12431547,,88,,2007.0
Scientist,Tapan_Raychaudhuri,Q13058136,male,88,,2007.0
Scientist,Tapas_Kumar_Kundu,Q27663720,male,62,,2016.0
Scientist,Tapio_Saramäki,Q65245307,male,71,,2019.0
Scientist,Tapio_Schneider,Q20675686,male,0,,2015.0
Scientist,Taqi_ad-Din_Muhammad_ibn_Ma'ruf,Q1379164,male,0,,2004.0
Scientist,Taqi_ad-Din_Muhammad_ibn_Ma'ruf,Q20639763,male,0,,2004.0
Scientist,Tara_C._Smith,Q56274801,female,0,,2018.0
Scientist,Tara_Devi_Tuladhar,Q7685055,female,81,,2012.0
Scientist,Tara_Hudiburg,Q57500431,female,0,,2019.0
Scientist,Tara_Keck,Q57954886,female,46,,2019.0
Scientist,Tara_Matise,Q90424619,female,0,,2021.0
Scientist,Tara_McAllister,Q109924852,female,0,,2021.0
Scientist,Tara_N._Palmore,Q105099466,female,0,,2021.0
Scientist,Tara_Nummedal__US-scholar-stub__1,,,0,,
Scientist,Tara_S._Holm,Q18978089,female,0,,2015.0
Scientist,Tara_Shears,Q18387971,female,0,,2014.0
Scientist,Tara_Shine,Q98915348,female,0,,2020.0
Scientist,Tara_Spires-Jones,Q58032865,female,0,,2015.0
Scientist,Taraneh_Javanbakht,Q262354,female,50,,2020.0
Scientist,Taras_Boychuk,Q8479224,male,58,,2013.0
Scientist,Taras_Kuzio,Q7685535,male,0,,2009.0
Scientist,Taras_Vintsiuk,Q43655,male,73,,2014.0
Scientist,Tarek_Sobh,Q42411151,male,0,,2022.0
Scientist,Tariq_Butt,Q83274417,male,0,,2020.0
Scientist,Tariq_Mustafa,Q7686177,male,0,,2010.0
Scientist,Tariq_Rahman,Q7686182,male,75,,2010.0
Scientist,Tarleton_Hoffman_Bean,Q1375216,male,70,,2006.0
Scientist,Tarlok_Nath_Shorey,Q16107151,male,79,,2013.0
Scientist,Tarun_Kant,Q19892469,male,78,,2015.0
Scientist,Tarun_Nakra,,,0,,
Scientist,Taruna_Madan_Gupta,Q7686942,female,0,,2011.0
Scientist,Taryn_Lane,Q109651150,female,0,,2021.0
Scientist,Taryn_Young,Q37377512,female,0,,2018.0
Scientist,Tarık_Galip_Somer,Q42337507,male,0,,2017.0
Scientist,Tasha_Inniss,Q20563097,female,0,,2018.0
Scientist,Tasneem_M._Shah,Q7687582,male,0,,2010.0
Scientist,Tasneem_Zehra_Husain,Q4511398,female,0,,2010.0
Scientist,Tasoltan_Tazretovich_Basiev,Q4078987,male,65,,2018.0
Scientist,Tasso_J._Kaper,Q19564327,male,0,,2015.0
Scientist,Tasuku_Honjo,Q2395341,male,82,,2014.0
Scientist,Tateos_Agekian,Q4056852,male,93,,2010.0
Scientist,Tathagat_Avatar_Tulsi,Q378410,male,37,,2004.0
Scientist,Tatiana_Ardamatskaya,Q12078966,female,97,,2020.0
Scientist,Tatiana_Dobrolyubova,Q43462797,female,81,,2017.0
Scientist,Tatiana_Krasnoselskaia,Q4239027,female,140,,2017.0
Scientist,Tatiana_Proskouriakoff,Q269002,female,76,,2006.0
Scientist,Tatiana_Rynearson,Q92984694,female,0,,2021.0
Scientist,Tatiana_Toro,Q21074913,female,0,,2015.0
Scientist,Tatiana_Vladimirovna_Egorova,Q4173808,female,94,,2019.0
Scientist,Tatiana_Štefanovičová,Q1317196,female,87,,2015.0
Scientist,Tatjana_Piotrowski,Q91218904,female,0,,2021.0
Scientist,Tatsuji_Nomura,Q7688281,male,91,,2008.0
Scientist,Tatsujiro_Shimizu,Q2278894,male,95,,2022.0
Scientist,Tatsuo_Itoh,Q7688312,male,0,,2008.0
Scientist,Tatsuo_Nishida,Q3031963,male,84,,2009.0
Scientist,Tatsuo_Oyama,,,0,,
Scientist,Tatu_Vanhanen,Q978240,male,86,,2005.0
Scientist,Tatyana_Chernigovskaya,Q3740449,female,77,,2016.0
Scientist,Tatyana_Dmitrieva,Q456780,female,59,,2012.0
Scientist,Tatyana_Pavlovna_Ehrenfest,Q1631851,female,0,,2023.0
Scientist,Tatyana_Polenova,Q87937832,female,0,,2021.0
Scientist,Tatyana_Sapunova,Q7688560,female,0,,2003.0
Scientist,Tatyana_Shaposhnikova,Q3790644,female,78,,2011.0
Scientist,Tatyana_Sharpee,Q90856446,,0,,2020.0
Scientist,Tau_(particle),Q188392,,0,,2003.0
Scientist,Tau_neutrino,Q306600,,0,,2005.0
Scientist,Tava_Olsen,Q55761254,female,0,,2018.0
Scientist,Tavarekere_Kalliah_Chandrashekar,Q27922253,male,68,,2016.0
Scientist,Tawanna_Dillahunt,Q96464348,female,0,,2020.0
Scientist,Tawfique_Hasan,Q67652619,male,0,,2021.0
Scientist,Tayfun_Uzbay,Q25160376,male,65,,2016.0
Scientist,Taylor_Booth_(mathematician),Q7689885,male,53,,2007.0
Scientist,Taylor_Howard,Q16015525,male,0,,2006.0
Scientist,Taylor_Updegrove,,,0,,
Scientist,Tayyaba_Hasan,Q56192492,female,0,,2018.0
Scientist,Tayyaba_Zafar,Q57077620,female,41,,2021.0
Scientist,Te-Pei_Feng,,,0,,2018.0
Scientist,Te-Tzu_Chang,Q1028738,male,79,,2010.0
Scientist,Te-tsun_Yu,Q18207964,male,116,,2014.0
Scientist,Te_Huirangi_Waikerepuru,Q27734408,male,91,,2016.0
Scientist,Te_Kani_Kingi,Q66382977,male,0,,2019.0
Scientist,Teamrat_Ghezzehei,Q58210859,male,0,,2020.0
Scientist,Tebello_Nyokong,Q21448010,female,73,,2015.0
Scientist,Teck-Hua_Ho,Q7692700,male,63,,2009.0
Scientist,Ted_Baker_(chemist),Q18097437,male,82,,2014.0
Scientist,Ted_Belytschko,Q7693003,male,71,,2007.0
Scientist,Ted_Bollard,Q17418389,male,91,,2014.0
Scientist,Ted_Chamberlain,Q17626549,male,87,,2014.0
Scientist,Ted_Cooke-Yarborough,Q17118856,male,106,,2014.0
Scientist,Ted_Corbett_(chemist),Q48644263,male,95,,2018.0
Scientist,Ted_Edgar_Petrie,,,0,,
Scientist,Ted_Fleming,Q7693193,male,23,,2008.0
Scientist,Ted_Fujita,Q967509,male,78,,2004.0
Scientist,Ted_Goertzel,Q26923701,male,82,,2016.0
Scientist,Ted_Harris_(mathematician),Q7693271,male,86,,2007.0
Scientist,Ted_Hill_(mathematician),Q1524262,male,81,,2004.0
Scientist,Ted_Jacobson,Q2418644,male,70,,2010.0
Scientist,Ted_Janssen,Q77052244,male,81,,2019.0
Scientist,Ted_Joyce,Q24053412,male,0,,2016.0
Scientist,Ted_Kaehler,Q70568260,male,0,,2019.0
Scientist,Ted_Nelson,Q62852,male,87,,2002.0
Scientist,Ted_Paige,Q15994671,male,74,,2013.0
Scientist,Ted_Petrie,,,0,,
Scientist,Ted_Ringwood,Q506678,male,63,,2006.0
Scientist,Ted_Robert_Gurr,Q7693664,male,88,,2007.0
Scientist,Ted_Shepherd,Q24091085,male,66,,2016.0
Scientist,Ted_Snyder_(economist),Q7693743,male,0,,2007.0
Scientist,Ted_Taylor_(physicist)__Ted_Taylor__1,,,79,,
Scientist,Ted_V._Shaneyfelt,Q28162682,male,0,,2016.0
Scientist,Ted_Wragg,Q7693901,male,67,,2005.0
Scientist,Tedo_Sakhokia,Q16369963,male,156,,2021.0
Scientist,Tehshik_Yoon,Q29617648,male,49,,2017.0
Scientist,Teija_Tiilikainen,Q3517186,female,0,,2020.0
Scientist,Teiji_Takagi,Q476959,male,85,,2003.0
Scientist,Tej_Kumar_Shrestha,Q7695157,male,76,,2009.0
Scientist,Tej_P._Singh,Q7695159,male,0,,2008.0
Scientist,Tejal_A._Desai,Q7695186,female,52,,2007.0
Scientist,Tejinder_Virdee,Q1033005,male,72,,2012.0
Scientist,Tekin_Dereli,Q7695351,male,75,,2006.0
Scientist,Telba_Irony,Q43272238,female,0,,2017.0
Scientist,Temiloluwa_Prioleau,Q106080586,female,0,,2021.0
Scientist,Temple_F._Smith,Q7698536,male,85,,2007.0
Scientist,Temple_Grandin,Q232810,female,77,,2003.0
Scientist,Temulji_Bhicaji_Nariman,Q57955184,male,92,,2018.0
Scientist,Temur_Sabirov,Q20610972,male,37,,2018.0
Scientist,Ten_Feizi,Q42305769,female,0,,2020.0
Scientist,Teng_Ssu-yu,,,0,,2013.0
Scientist,Tengiz_Beridze,Q113017168,male,85,,2021.0
Scientist,Teo_Wan_Lin,Q106239187,female,40,,2021.0
Scientist,Teodor_Lippmaa,Q3736167,male,51,,2008.0
Scientist,Teodoro_Rojas,Q6141790,male,147,,2015.0
Scientist,Teofilo_F._Gonzalez,Q20675528,male,76,,2015.0
Scientist,Tequila_Harris,Q58416659,female,0,,2018.0
Scientist,Terence_Cawthorne,Q16006845,male,68,,2013.0
Scientist,Terence_Gaffney,Q16120971,male,76,,2013.0
Scientist,Terence_James_Elkins,Q7701924,male,88,,2008.0
Scientist,Terence_Kealey,Q7701929,male,72,,2006.0
Scientist,Terence_Macleane_Salter,Q13503778,male,141,,2019.0
Scientist,Terence_Millin,Q18528624,male,121,,2018.0
Scientist,Terence_Mitford,Q7701960,male,119,,2008.0
Scientist,Terence_Parr,Q7701985,male,0,,2006.0
Scientist,Terence_Rabbitts,Q15989727,male,0,,2014.0
Scientist,Terence_Stephenson,Q18809449,male,0,,2015.0
Scientist,Terence_Tao,Q295981,male,49,,2004.0
Scientist,Terence_Thornberry,Q1635502,male,0,,2018.0
Scientist,Teresa_A._Dolan,Q7702087,female,0,,2008.0
Scientist,Teresa_Alonso-Rasgado,Q67086839,female,0,,2019.0
Scientist,Teresa_Anderson,Q51329455,female,0,,2018.0
Scientist,Teresa_Head-Gordon,Q56249701,female,0,,2018.0
Scientist,Teresa_Jordan,Q88473385,female,71,,2021.0
Scientist,Teresa_Lagergård,Q42393787,female,0,,2017.0
Scientist,Teresa_Lago,Q10380514,female,0,,2019.0
Scientist,Teresa_Lambe,Q43124022,female,0,,2020.0
Scientist,Teresa_Lebel,Q6142582,female,0,,2021.0
Scientist,Teresa_Maryańska,Q3488075,female,0,,2007.0
Scientist,Teresa_Pellegrino,Q78288195,female,0,,2022.0
Scientist,Teresa_Rakowska-Harmstone,Q66724050,female,-7,,2020.0
Scientist,Teresa_Rodrigo,Q19766208,female,-4,,2020.0
Scientist,Teresa_Torres,Q25796456,female,0,,2016.0
Scientist,Teri_A._Reynolds,Q91242806,female,0,,2020.0
Scientist,Teri_Klein,Q87843492,female,0,,2022.0
Scientist,Teri_Manolio,Q66829016,female,0,,2019.0
Scientist,Teri_W._Odom,Q16876053,female,0,,2014.0
Scientist,Terje_Sagvolden,Q7702494,male,66,,2011.0
Scientist,Terrence_Deacon,Q7703450,male,0,,2004.0
Scientist,Terrence_Doody,Q111602751,male,0,,2022.0
Scientist,Terrence_Sejnowski,,,0,,2005.0
Scientist,Terri_Attwood,Q10937,female,65,,2012.0
Scientist,Terri_Conley,Q84087707,female,0,,2018.0
Scientist,Terri_Hogue,Q65029498,female,0,,2019.0
Scientist,Terri_S._Armstrong,Q64995293,female,0,,2019.0
Scientist,Terri_Young,Q23417189,female,0,,2016.0
Scientist,Terrie_E._Moffitt,Q2405380,female,69,,2012.0
Scientist,Terry_Callaghan,Q4210056,male,79,,2018.0
Scientist,Terry_Erwin__Terry_Lee_Erwin__1,,,80,,
Scientist,Terry_Fulmer,Q7704418,female,0,,2012.0
Scientist,Terry_Gaasterland,Q47569993,female,0,,2018.0
Scientist,Terry_H._Anderson,,,0,,
Scientist,Terry_Halpin,Q7704482,male,0,,2004.0
Scientist,Terry_Kershaw,Q48737978,male,72,,2018.0
Scientist,Terry_Lawson,,,0,,
Scientist,Terry_Lyons_(mathematician),Q1405455,male,71,,2011.0
Scientist,Terry_Lyons_(mathematician),Q90463420,male,71,,2011.0
Scientist,Terry_Orr-Weaver,Q43721046,female,0,,2017.0
Scientist,Terry_Plank,Q7704917,female,0,,2012.0
Scientist,Terry_R._McGuire,Q60194696,male,0,,2018.0
Scientist,Terry_R._Payne,Q108397241,male,0,,2021.0
Scientist,Terry_Sejnowski,Q2405291,male,77,,2004.0
Scientist,Terry_Speed,Q7705033,male,81,,2007.0
Scientist,Terry_Welch,Q92915,male,49,,2006.0
Scientist,Terry_Wentz,Q7705131,male,63,,2010.0
Scientist,Terry_Wilson_(scientist),Q24708023,female,0,,2016.0
Scientist,Terry_Winograd,Q92826,male,78,,2003.0
Scientist,Terry_Wyatt,Q15994847,male,67,,2014.0
Scientist,Terttu_Nevalainen,Q28028740,female,72,,2017.0
Scientist,Teru_Hayashi,Q59640182,male,89,,2018.0
Scientist,Teruaki_Mukaiyama,Q11415932,male,91,,2021.0
Scientist,Teruhisa_Matsusaka,Q20992220,male,80,,2015.0
Scientist,Teruko_Ishizaka,Q1673899,female,93,,2017.0
Scientist,Tessa_Holyoake,Q34004355,female,54,,2017.0
Scientist,Tessa_M._Hill,Q56222144,female,0,,2018.0
Scientist,Tessa_Rajak,Q26991172,female,78,,2017.0
Scientist,Tessaleno_Devezas,Q7705634,male,78,,2009.0
Scientist,Tetsuji_Shioda,Q7706870,male,0,,2011.0
Scientist,Tetsuo_Nozoe,Q6018611,male,94,,2020.0
Scientist,Tetsuro_Matsuzawa,Q467293,male,74,,2006.0
Scientist,Tetsuya_Fujii,Q1634658,male,0,,2015.0
Scientist,Tettje_Clay-Jolles,Q18211605,female,0,,2014.0
Scientist,Teuku_Jacob,Q357640,male,78,,2009.0
Scientist,Teuvo_Ahti,Q10381015,male,0,,2020.0
Scientist,Teuvo_Kohonen,Q517898,male,87,,2005.0
Scientist,Tevian_Dray,Q7707133,male,68,,2009.0
Scientist,Tewhida_Ben_Sheikh,Q2740204,female,101,,2012.0
Scientist,Tewolde_Berhan_Gebre_Egziabher,Q322091,male,84,,2005.0
Scientist,Teófilo_Herrera_Suárez,Q16089937,male,96,,2013.0
Scientist,Tha_Myat,Q13077866,male,78,,2015.0
Scientist,Thad_Dunning,,,0,,
Scientist,Thad_McIntosh_Guyer,Q7708943,male,74,,2010.0
Scientist,Thad_Starner,Q7708947,male,0,,2004.0
Scientist,Thad_Vreeland_Jr.,Q7708953,male,86,,2010.0
Scientist,Thaddeus_Dryja,Q7708975,male,0,,2008.0
Scientist,Thaddeus_L._Bolton,Q54959182,male,83,,2018.0
Scientist,Thaddeus_Mann,Q86811,male,85,,2004.0
Scientist,Thaddeus_S._C._Lowe,Q2304181,male,81,,2005.0
Scientist,Thaddeus_Vincenty,Q1319661,male,82,,2006.0
Scientist,Thaddeus_William_Harris,Q839975,male,229,,2005.0
Scientist,Thais_Russomano,Q2408621,female,61,,2009.0
Scientist,Thalappil_Pradeep,Q7709525,male,0,,2008.0
Scientist,Thaleia_Zariphopoulou,Q21006470,female,0,,2015.0
Scientist,Than,Q7710078,,0,,2004.0
Scientist,Than_Tun,Q3519553,male,82,,2006.0
Scientist,Thanu_Padmanabhan,Q2409133,male,64,,2006.0
Scientist,Thao_Tran,,,0,,
Scientist,Thavamani_Jegajothivel_Pandian,Q27064105,male,85,,2016.0
Scientist,The_Svedberg,,,0,,2004.0
Scientist,The_University_of_Utah,,,0,,2006.0
Scientist,Thea_D._Hodge,Q18619299,female,86,,2014.0
Scientist,Thea_L._James,Q59722180,female,0,,2020.0
Scientist,Thea_Tlsty,Q62018960,female,0,,2019.0
Scientist,Theanne_Griffith,Q112845313,female,0,,2020.0
Scientist,Theano_(philosopher),Q235426,female,0,,2004.0
Scientist,Thebe_Medupe,Q7777608,male,0,,2005.0
Scientist,Theda_Daniels-Race,Q97155788,female,0,,2020.0
Scientist,Theda_Skocpol,Q130064,female,77,,2005.0
Scientist,Thekkethil_Kochandy_Alex,Q14476266,male,0,,2023.0
Scientist,Thelma_Brumfield_Dunn,Q59680820,female,92,,2018.0
Scientist,Thelma_Estrin,Q11588,female,90,,2011.0
Scientist,Theme_(narrative),Q1053916,,0,,2004.0
Scientist,Themistocles_Gluck,Q95891,male,89,,2009.0
Scientist,Themistocles_M._Rassias,Q5984090,male,73,,2009.0
Scientist,Theo_Colborn,Q520579,female,97,,2006.0
Scientist,Theo_Rasing,Q1466449,male,71,,2015.0
Scientist,Theobald_Smith,Q427418,male,75,,2003.0
Scientist,Theobald_Ziegler,Q91527,male,0,,2008.0
Scientist,Theodor_Anton_Neagu,Q18544273,male,85,,2015.0
Scientist,Theodor_Bilharz,Q76858,male,37,,2005.0
Scientist,Theodor_Billroth,Q77242,male,65,,2004.0
Scientist,Theodor_Boveri,Q62092,male,53,,2005.0
Scientist,Theodor_Burghele,Q18538408,male,72,,2020.0
Scientist,Theodor_Curtius,Q62234,male,71,,2005.0
Scientist,Theodor_Eimer,Q68072,male,55,,2005.0
Scientist,Theodor_Emil_Schummel,Q7781581,male,0,,2008.0
Scientist,Theodor_Escherich,Q77686,male,54,,2002.0
Scientist,Theodor_Estermann,Q1246461,male,0,,2006.0
Scientist,Theodor_Franz_Wilhelm_Kirsch,Q6679005,male,0,,2008.0
Scientist,Theodor_Frølich,Q14861532,male,77,,2018.0
Scientist,Theodor_Förster,Q90758,male,114,,2011.0
Scientist,Theodor_Grotthuss,Q252265,male,37,,2004.0
Scientist,Theodor_Hartig,Q67908,male,75,,2010.0
Scientist,Theodor_Hänsch,,,0,,2005.0
Scientist,Theodor_Johannes_Krüper,Q7781595,male,0,,2023.0
Scientist,Theodor_Kaluza,Q65346,male,139,,2003.0
Scientist,Theodor_Magnus_Fries,Q15410,male,81,,2012.0
Scientist,Theodor_Maunz,,,0,,
Scientist,Theodor_Meyer,Q81202,male,142,,2012.0
Scientist,Theodor_Meynert,Q62972,male,59,,2006.0
Scientist,Theodor_Mommsen,Q25351,male,86,,2002.0
Scientist,Theodor_Otto_Diener,Q2463965,male,103,,2005.0
Scientist,Theodor_Otto_Thieme,Q16854318,male,0,,2014.0
Scientist,Theodor_Puschmann,Q1666911,male,55,,2016.0
Scientist,Theodor_Rehbock,Q98028,male,86,,2009.0
Scientist,Theodor_Reye,Q110059,male,0,,2010.0
Scientist,Theodor_Schneider,Q68512,male,0,,2007.0
Scientist,Theodor_Schultes,Q2418289,male,80,,2020.0
Scientist,Theodor_Schwann,Q76745,male,72,,2002.0
Scientist,Theodor_Siebs,Q28117,male,79,,2009.0
Scientist,Theodor_Spoerri,,,0,,
Scientist,Theodor_Svedberg,Q186391,male,87,,2003.0
Scientist,Theodor_V._Ionescu,Q3523667,male,89,,2010.0
Scientist,Theodor_Vahlen,Q113717,male,155,,2006.0
Scientist,Theodor_W._Hänsch,Q71013,male,83,,2005.0
Scientist,Theodor_Weber_(physician),Q108389,male,195,,2012.0
Scientist,Theodor_Wertheim__Theodor_Wertheim__1,,,44,,
Scientist,Theodor_Weyl,Q7781632,male,62,,2012.0
Scientist,Theodor_Wilhelm_Engelmann,Q63326,male,181,,2005.0
Scientist,Theodor_Wolf,Q77894,male,83,,2007.0
Scientist,Theodor_Wulf,Q2286349,male,78,,2003.0
Scientist,Theodor_Zincke,Q90591,male,85,,2007.0
Scientist,Theodor_Zwinger,Q116094,male,55,,2002.0
Scientist,Theodor_von_Heldreich,Q39008,male,80,,2007.0
Scientist,Theodor_von_Oppolzer,Q78972,male,183,,2005.0
Scientist,Theodora_Bynon,Q56000440,female,0,,2021.0
Scientist,Theodora_Greene,Q96065666,female,0,,2020.0
Scientist,Theodora_Hatziioannou,Q89068394,female,0,,2020.0
Scientist,Theodore_A._Kiesselbach,Q7781666,male,0,,2007.0
Scientist,Theodore_A._Welton,Q2418738,male,92,,2018.0
Scientist,Theodore_A._Wilson,,,0,,
Scientist,Theodore_B._Fernald,Q7781684,male,0,,2009.0
Scientist,Theodore_Beauchaine,Q86600476,male,0,,2020.0
Scientist,Theodore_Chinburg,,,0,,
Scientist,Theodore_Cohen_(chemist),Q55635657,male,88,,2015.0
Scientist,Theodore_Delevoryas,Q21510167,male,-7,,2019.0
Scientist,Theodore_Dru_Alison_Cockerell,Q2506718,male,158,,2024.0
Scientist,Theodore_Dunham_Jr.,Q6582568,male,87,,2010.0
Scientist,Theodore_Dyke_Acland,Q7781765,male,80,,2009.0
Scientist,Theodore_E._Madey,Q99327080,male,87,,2020.0
Scientist,Theodore_Frankel,Q7781782,male,0,,2012.0
Scientist,"Theodore_Garland,_Jr.",,,0,,2017.0
Scientist,Theodore_Goodson_III,Q88612971,male,55,,2021.0
Scientist,Theodore_Gray,Q4454882,male,60,,2007.0
Scientist,Theodore_H._Geballe,Q2418638,male,101,,2013.0
Scientist,Theodore_Hailperin,,,0,,
Scientist,Theodore_Holmes_Bullock,Q7781828,male,90,,2007.0
Scientist,Theodore_J._Case,,,0,,
Scientist,Theodore_K._Lawless,Q7781860,male,79,,2007.0
Scientist,Theodore_L._Brown,Q6145740,male,96,,2015.0
Scientist,Theodore_Levin_(ethnomusicologist),Q7781889,male,0,,2007.0
Scientist,Theodore_Lyman_IV,Q259639,,80,,2004.0
Scientist,Theodore_Lyman_IV,Q970745,male,80,,2004.0
Scientist,Theodore_Maiman,Q315399,male,80,,2003.0
Scientist,Theodore_Modis__Theodore_Modis__1,,,81,,
Scientist,Theodore_Motzkin,Q935647,male,62,,2007.0
Scientist,Theodore_Moustakas,Q29358504,male,0,,2017.0
Scientist,Theodore_Newcomb,Q7781928,male,121,,2013.0
Scientist,Theodore_O._Yntema,Q7781934,male,0,,2006.0
Scientist,Theodore_Postol,Q7781955,male,0,,2006.0
Scientist,Theodore_Prodromos,Q738057,male,0,,2007.0
Scientist,Theodore_Puck,Q1450653,male,89,,2005.0
Scientist,Theodore_R._Sarbin,Q7781962,male,94,,2009.0
Scientist,Theodore_Rappaport,Q18619463,male,64,,2014.0
Scientist,Theodore_Reich,Q21598324,male,86,,2015.0
Scientist,Theodore_Robert_Dudley,Q6145745,male,58,,2014.0
Scientist,Theodore_S._Hamerow,Q2418677,male,0,,2014.0
Scientist,Theodore_Salisbury_Woolsey_Jr.,Q7782028,male,145,,2009.0
Scientist,Theodore_Slaman,Q1525383,male,70,,2006.0
Scientist,Theodore_Sourkes,Q3523704,male,96,,2016.0
Scientist,Theodore_Thomson_Flynn,Q7782072,male,85,,2006.0
Scientist,Theodore_Vigé,Q20739675,male,0,,2015.0
Scientist,Theodore_W._Houk,Q7782086,,0,,
Scientist,Theodore_Wachs,Q60676711,male,83,,2019.0
Scientist,Theodore_Wells_Pietsch_III,Q7782100,male,79,,2009.0
Scientist,Theodore_Wells_Pietsch_III,Q98175601,,79,,2009.0
Scientist,Theodore_Wilbur_Anderson,Q1527954,male,98,,2009.0
Scientist,Theodore_William_Chaundy,Q7782103,male,77,,2011.0
Scientist,Theodore_William_Richards,Q189465,male,60,,2004.0
Scientist,Theodore_Y._Wu,Q7782116,male,100,,2011.0
Scientist,Theodore_Zoli,Q7782117,male,0,,2010.0
Scientist,Theodore_von_Kármán,Q164384,male,82,,2003.0
Scientist,Theodore_von_Kármán_bibliography,Q24255679,,82,,2014.0
Scientist,Theodoro_Henrique_Maurer_Júnior,Q19309967,male,118,,2022.0
Scientist,Theodoros_G._Orphanides,Q712566,male,-138,,2016.0
Scientist,Theodosio_De_Stefani_Perez,Q21340521,male,171,,2016.0
Scientist,Theodosios_Pavlidis,Q24176222,male,90,,2016.0
Scientist,Theodosius_Dobzhansky,Q246731,,75,,2002.0
Scientist,Theology_of_the_Body,Q1789897,,0,,2005.0
Scientist,Theophil_Henry_Hildebrandt,Q7782266,male,92,,2012.0
Scientist,Theresa_A._Jones,Q7782843,female,60,,2007.0
Scientist,Theresa_Chapple,Q107707884,female,0,,2022.0
Scientist,Theresa_Clay,Q17917681,female,84,,2010.0
Scientist,Theresa_Gaasterland,,,0,,2022.0
Scientist,Theresa_Goell,Q2419522,female,84,,2009.0
Scientist,Theresa_Koehler,Q88232343,female,0,,2022.0
Scientist,Theresa_M._Reineke,Q63198276,female,52,,2019.0
Scientist,Theresa_Marteau,Q31115561,female,71,,2017.0
Scientist,Theresa_Windus,Q64962618,female,0,,2021.0
Scientist,Therese_Ann_Markow,Q64871598,female,0,,2020.0
Scientist,Therese_Benedek,Q2419550,female,132,,2017.0
Scientist,Therkel_Mathiassen,Q7783008,male,75,,2008.0
Scientist,Theron_Randolph,Q7783286,male,89,,2006.0
Scientist,Therése_Sjömander_Magnusson,Q66618775,female,54,,2019.0
Scientist,Thesis_or_dissertation,,,0,,2010.0
Scientist,Thibault_Damour,Q1303301,male,73,,2009.0
Scientist,Thierry_Aubin,Q1398909,male,67,,2007.0
Scientist,Thierry_Chopin,Q48831645,male,0,,2019.0
Scientist,Thierry_Coquand,Q3524190,male,0,,2011.0
Scientist,Thierry_Deuve,Q18922952,male,0,,2018.0
Scientist,Thierry_Goudon,Q7784042,male,0,,2012.0
Scientist,Thierry_Libaert,Q3524392,male,0,,2011.0
Scientist,Thierry_Meyre,,,0,,
Scientist,Thierry_Pauchant,Q23304394,male,70,,2015.0
Scientist,Thierry_Vust,,,0,,
Scientist,Thiodolf_Saelan,Q6088004,male,87,,2021.0
Scientist,Thiruvenkatachari_Parthasarathy,Q7785545,male,83,,2008.0
Scientist,Thistle_Yolette_Harris,Q7786486,female,88,,2008.0
Scientist,Thomas_A._Bailey,Q7786843,male,81,,2004.0
Scientist,Thomas_A._Bickle,Q14919770,male,0,,2013.0
Scientist,Thomas_A._Matthews,Q18631904,male,0,,2014.0
Scientist,Thomas_A._Steitz,Q109559,male,78,,2009.0
Scientist,Thomas_Alan_Schwartz,Q111973003,,0,,2022.0
Scientist,Thomas_Alan_Stephenson,Q555221,male,63,,2006.0
Scientist,Thomas_Albrecht-Schönzart,Q57064460,male,0,,2020.0
Scientist,Thomas_Allibone,Q7787030,male,100,,2007.0
Scientist,Thomas_Anderson_(chemist),Q903374,male,55,,2007.0
Scientist,Thomas_Andrew_Knight,Q940986,male,79,,2005.0
Scientist,Thomas_Andrews_(scientist),Q500440,male,72,,2004.0
Scientist,Thomas_Ashby,Q442669,male,57,,2012.0
Scientist,Thomas_Ayres_(ornithologist),Q2422137,male,-111,,2009.0
Scientist,Thomas_B._Day,Q19600050,male,89,,2015.0
Scientist,Thomas_B._Kornberg,Q7787257,male,0,,2007.0
Scientist,Thomas_B._Sheridan,Q7787269,male,95,,2006.0
Scientist,Thomas_Bacon_(academic),Q15989816,male,-465,,2013.0
Scientist,Thomas_Baffes,Q16013795,male,101,,2012.0
Scientist,Thomas_Bainbrigge_Fletcher,Q7787311,male,72,,2004.0
Scientist,Thomas_Banchoff,Q3164395,male,0,,2006.0
Scientist,Thomas_Bartholin,Q365909,male,64,,2003.0
Scientist,Thomas_Batchcroft,Q7787464,male,0,,2013.0
Scientist,Thomas_Bayes,Q208452,male,-263,,2002.0
Scientist,Thomas_Bell_(zoologist),Q644875,male,232,,2005.0
Scientist,Thomas_Bennet-Clark,Q18149463,male,0,,2014.0
Scientist,Thomas_Bever,Q7787614,male,85,,2008.0
Scientist,Thomas_Binford,Q7787638,male,0,,2005.0
Scientist,Thomas_Blackburn_(entomologist),Q3524918,male,68,,2009.0
Scientist,Thomas_Blackwell_(scholar),Q3524922,male,56,,2005.0
Scientist,Thomas_Blakiston,Q2473564,male,59,,2004.0
Scientist,Thomas_Blass,Q22087930,male,0,,2015.0
Scientist,Thomas_Bloom,Q113499467,,0,,2022.0
Scientist,Thomas_Bolander,Q27902595,male,0,,2020.0
Scientist,Thomas_Browne,Q313925,male,77,,2003.0
Scientist,Thomas_Bruice,Q7787980,male,94,,2011.0
Scientist,Thomas_Brunell,Q99240678,male,0,,2021.0
Scientist,Thomas_Bugge,Q4993510,male,75,,2021.0
Scientist,Thomas_C._Bruice,,,0,,2011.0
Scientist,Thomas_C._Butler,Q7788117,male,0,,2006.0
Scientist,Thomas_C._Peterson,Q31200889,male,0,,2017.0
Scientist,Thomas_C._Südhof,Q97270,male,69,,2010.0
Scientist,Thomas_Callister_Hales,Q1398901,male,66,,2005.0
Scientist,Thomas_Cameron,Q7788203,male,86,,2006.0
Scientist,Thomas_Campbell_Eyton,Q729185,male,71,,2004.0
Scientist,Thomas_Cavalier-Smith,Q454117,male,79,,2004.0
Scientist,Thomas_Caywood,Q27825343,male,89,,2016.0
Scientist,Thomas_Cech,Q135180,male,77,,2004.0
Scientist,Thomas_Charles_Hope,Q377848,male,78,,2006.0
Scientist,Thomas_Cheeseman,Q1361590,male,78,,2007.0
Scientist,Thomas_Chevalier,Q16719786,male,57,,2022.0
Scientist,Thomas_Chrowder_Chamberlin,Q981419,male,82,,2004.0
Scientist,Thomas_Clarke_(professor),Q61828980,male,0,,2019.0
Scientist,Thomas_Colcombet,Q29021756,male,49,,2017.0
Scientist,Thomas_Conrad_Porter,Q48627,male,100,,2020.0
Scientist,Thomas_Corwin_Mendenhall,Q1385000,male,83,,2004.0
Scientist,Thomas_Cowling,Q1388645,male,84,,2004.0
Scientist,Thomas_Cremer,Q2423091,male,79,,2009.0
Scientist,Thomas_Cremer,Q7788696,male,79,,2009.0
Scientist,Thomas_Cremer,Q90297932,male,79,,2009.0
Scientist,Thomas_Crowther_(ecologist),Q57191039,male,38,,2018.0
Scientist,Thomas_Croxen_Archer,Q3525017,male,0,,2013.0
Scientist,Thomas_Curtright,Q7788761,male,0,,2009.0
Scientist,Thomas_D._Brock,Q677897,male,95,,2009.0
Scientist,Thomas_D._Cook,Q58495334,male,83,,2018.0
Scientist,Thomas_D._Duane,Q111712940,male,-31,,2022.0
Scientist,Thomas_D._Pollard,Q2423305,male,82,,2009.0
Scientist,Thomas_D._Schiano,Q7788797,male,0,,2011.0
Scientist,Thomas_D._Sharkey,Q43012119,male,0,,2016.0
Scientist,Thomas_D._Wilson,Q7788804,male,0,,2008.0
Scientist,Thomas_Dale_Stewart_(anthropologist),Q21176646,male,123,,2015.0
Scientist,Thomas_Daniel_(biologist),Q41694274,male,0,,2010.0
Scientist,Thomas_Dao,Q7788851,male,88,,2009.0
Scientist,Thomas_David_Spearman,Q61901623,male,0,,2019.0
Scientist,Thomas_Davidson_(palaeontologist),Q1849937,male,68,,2004.0
Scientist,Thomas_DeFanti,,,0,,2006.0
Scientist,Thomas_De_Cnudde,,,0,,
Scientist,Thomas_Dean_(computer_scientist),Q33037407,male,0,,2021.0
Scientist,Thomas_Desmond_Hawkins,Q93877921,male,92,,2020.0
Scientist,Thomas_Dick_(scientist),Q3525055,male,83,,2006.0
Scientist,Thomas_Digges,Q531345,male,-429,,2004.0
Scientist,Thomas_Douglas_Victor_Swinscow,Q21339649,male,107,,2022.0
Scientist,Thomas_Dublin,Q7789072,male,0,,2009.0
Scientist,Thomas_Dunne_(geologist),Q18719174,male,81,,2015.0
Scientist,Thomas_Dyer_Seeley,Q18028544,male,72,,2015.0
Scientist,Thomas_E._Anderson,Q15994862,male,63,,2013.0
Scientist,Thomas_E._Baker,Q15504456,male,0,,2005.0
Scientist,Thomas_E._Kurtz,Q1387801,male,96,,2004.0
Scientist,Thomas_E._Mittler,Q50413969,male,84,,2020.0
Scientist,Thomas_E._Nichols,Q25894548,male,0,,2020.0
Scientist,Thomas_E._Patterson,Q30069539,male,0,,2017.0
Scientist,Thomas_E._Stelson,Q7789200,male,77,,2010.0
Scientist,Thomas_Eckersley,Q7789231,male,73,,2006.0
Scientist,Thomas_Edward_Thorpe,Q1107985,male,179,,2008.0
Scientist,Thomas_Edwin_Nevin,Q53836330,male,80,,2018.0
Scientist,Thomas_Eisner,Q256662,male,82,,2005.0
Scientist,Thomas_Embling,Q7789348,male,79,,2009.0
Scientist,Thomas_Erastus,Q123417,male,59,,2004.0
Scientist,Thomas_Espenshade,Q40152316,male,81,,2017.0
Scientist,Thomas_Espin,Q23611924,male,0,,2016.0
Scientist,Thomas_Everhart,,,0,,2004.0
Scientist,Thomas_F._Anderson,Q7789424,male,80,,2011.0
Scientist,Thomas_F._Edgar,Q16736702,male,79,,2014.0
Scientist,Thomas_F._Pettigrew,Q104861280,male,93,,2021.0
Scientist,Thomas_F._Quatieri,Q30158440,male,0,,2017.0
Scientist,Thomas_Fagan_(psychologist),Q7789486,male,81,,2013.0
Scientist,Thomas_Fantet_de_Lagny,Q17516066,male,74,,2017.0
Scientist,Thomas_Faulkner_(physicist),Q18686102,male,0,,2014.0
Scientist,Thomas_Feng,,,0,,
Scientist,Thomas_Ferguson_(academic),Q737883,male,0,,2008.0
Scientist,Thomas_Field_Gibson,Q43375724,male,86,,2017.0
Scientist,Thomas_Fink,Q7789586,male,0,,2006.0
Scientist,Thomas_Fiske,Q7789604,male,-80,,2006.0
Scientist,Thomas_Forster_(mathematician),Q102258622,male,76,,2020.0
Scientist,"Thomas_Francis,_Jr.",,,0,,2015.0
Scientist,Thomas_Francis_Jr.,Q2423973,male,69,,2005.0
Scientist,Thomas_Francis_Wade,Q453399,male,77,,2003.0
Scientist,Thomas_Franklin_Daniel,Q2534475,male,70,,2017.0
Scientist,Thomas_Furly_Forster,Q3525142,male,64,,2011.0
Scientist,Thomas_G._Barnes,Q7789850,male,90,,2005.0
Scientist,Thomas_G._Rosenmeyer,Q102782,male,87,,2007.0
Scientist,Thomas_Gaskin,Q7789954,male,0,,2012.0
Scientist,Thomas_Geisser,Q102266945,male,58,,2021.0
Scientist,Thomas_George_Bonney,Q462101,male,90,,2004.0
Scientist,Thomas_Gerald_Room,Q5296778,male,84,,2008.0
Scientist,Thomas_Gerard_Gallagher,Q7789994,male,0,,2008.0
Scientist,Thomas_Gibson_Lea,Q6146042,male,59,,2018.0
Scientist,Thomas_Gibson_Sloane,Q16029380,male,74,,2013.0
Scientist,Thomas_Gilovich,Q2424257,male,70,,2004.0
Scientist,Thomas_Gingeras,Q30517922,male,0,,2020.0
Scientist,Thomas_Glass_(physician),Q18577069,male,77,,2022.0
Scientist,Thomas_Gold,Q93562,male,84,,2002.0
Scientist,Thomas_Goodwillie_(mathematician),Q97171425,male,0,,2020.0
Scientist,Thomas_Graber,,,0,,2022.0
Scientist,Thomas_Graf_(biologist),Q2424303,male,80,,2017.0
Scientist,Thomas_Graham_(chemist),Q333762,male,64,,2002.0
Scientist,Thomas_Graham_Brown,Q3525171,male,142,,2008.0
Scientist,Thomas_Grant_Harbison,Q6146046,male,74,,2019.0
Scientist,Thomas_Gregor,,,0,,
Scientist,Thomas_Greytak,Q19560613,male,0,,2015.0
Scientist,Thomas_Gwyn_Elger,Q4530755,male,61,,2005.0
Scientist,Thomas_H._Bak,Q18421905,male,63,,2014.0
Scientist,Thomas_H._Brylawski,Q73429129,male,80,,2019.0
Scientist,Thomas_H._Cormen,Q2524992,male,0,,2006.0
Scientist,Thomas_H._Davenport,Q7790278,male,70,,2006.0
Scientist,Thomas_H._Epps_III,Q88826008,male,0,,2020.0
Scientist,Thomas_H._Heaton,Q15059126,male,0,,2009.0
Scientist,Thomas_H._Jordan,Q7790291,male,0,,2011.0
Scientist,Thomas_H._Jukes,Q1243023,male,93,,2007.0
Scientist,Thomas_H._Lee_(electronic_engineer)__Thomas_H._Lee__1,,,0,,
Scientist,Thomas_H._Lee_(engineering_professor),,,0,,2020.0
Scientist,Thomas_H._Lee_(power_engineer)__Thomas_H._Lee__1,,,78,,
Scientist,Thomas_H._Leonard,Q22006280,male,0,,2015.0
Scientist,Thomas_H._Maren,Q7790299,male,-25,,2008.0
Scientist,Thomas_H._Morrin,Q15995318,male,0,,2012.0
Scientist,Thomas_H._Stix,Q631919,male,100,,2004.0
Scientist,Thomas_Hardwicke,Q2543258,male,-189,,2004.0
Scientist,Thomas_Harrington_Tuke,Q21997680,male,198,,2015.0
Scientist,Thomas_Harriot,Q315402,male,-403,,2004.0
Scientist,Thomas_Harrison_Montgomery_Jr.,Q19819826,male,39,,2015.0
Scientist,Thomas_Hawkes_Nash_III,Q21387758,male,79,,2020.0
Scientist,Thomas_Heller,Q7790571,male,80,,2011.0
Scientist,Thomas_Henderson_(astronomer),Q1334001,male,46,,2003.0
Scientist,Thomas_Henning,Q107857,male,68,,2011.0
Scientist,Thomas_Henning,Q95981441,male,68,,2011.0
Scientist,Thomas_Henry_Flewett,Q7790605,male,84,,2007.0
Scientist,Thomas_Henry_Huxley,Q184366,male,70,,2001.0
Scientist,Thomas_Henry_Kearney,Q15726720,male,82,,2014.0
Scientist,Thomas_Henry_Manning,Q435216,male,113,,2009.0
Scientist,Thomas_Henyey,Q7790630,male,0,,
Scientist,Thomas_Henzinger,Q88295,male,0,,2013.0
Scientist,Thomas_Hincks_(naturalist),Q4497824,male,-125,,2010.0
Scientist,Thomas_Homer-Dixon,Q1106359,male,0,,2005.0
Scientist,Thomas_Hong-Chi_Lee,Q96885345,male,79,,2020.0
Scientist,Thomas_Hou,Q1563332,male,0,,2014.0
Scientist,Thomas_Howard_Johnson,Q7790853,male,0,,2012.0
Scientist,Thomas_Huckle_Weller,Q310131,male,93,,2005.0
Scientist,Thomas_Hudson_Beare,Q15430099,male,165,,2013.0
Scientist,Thomas_Hudson_Nelson,Q90839603,male,60,,2020.0
Scientist,Thomas_Huffman,Q7790880,male,78,,2008.0
Scientist,Thomas_Hunt_Morgan,Q177681,male,79,,2002.0
Scientist,Thomas_Huxley,,,0,,2007.0
Scientist,Thomas_Hylland_Eriksen,Q1366902,male,62,,2006.0
Scientist,Thomas_J.R._Hughes,Q2424996,male,0,,2007.0
Scientist,Thomas_J._Ahrens,Q7791008,male,74,,2009.0
Scientist,Thomas_J._Balkany,Q20675742,male,0,,2015.0
Scientist,"Thomas_J._Bouchard,_Jr.",,,0,,2016.0
Scientist,Thomas_J._Bouchard_Jr.,Q7791023,male,87,,2005.0
Scientist,Thomas_J._Dolan,Q110254588,male,-28,,2021.0
Scientist,Thomas_J._Katz,Q723422,male,0,,2012.0
Scientist,Thomas_J._Kelly_(scientist),Q1668805,male,0,,2011.0
Scientist,Thomas_J._McCarthy,Q16732229,male,68,,2012.0
Scientist,Thomas_J._McCormick,Q7791105,male,0,,2007.0
Scientist,Thomas_J._Near,Q21503037,male,55,,2018.0
Scientist,Thomas_J._Osler,Q102188339,male,0,,2020.0
Scientist,Thomas_J._Pucadyil,Q60736101,male,48,,2018.0
Scientist,Thomas_J._Silhavy,Q7791145,male,0,,2006.0
Scientist,Thomas_J._Webster,Q89537053,male,0,,2020.0
Scientist,Thomas_Jamieson,Q5827824,male,0,,2006.0
Scientist,Thomas_Jech,Q924992,male,0,,2006.0
Scientist,Thomas_Jefferson_Jackson_See,Q1349686,male,96,,2006.0
Scientist,Thomas_Jeffery_Parker,Q323912,male,47,,2010.0
Scientist,Thomas_Jeitschko,,,0,,
Scientist,Thomas_Jennewein,Q30349123,male,0,,2017.0
Scientist,Thomas_Jenuwein,Q37992930,male,68,,2017.0
Scientist,Thomas_Jerome_Schaefer,Q43482672,male,0,,2017.0
Scientist,Thomas_Jessell,Q2425113,male,68,,2008.0
Scientist,Thomas_Joannes_Stieltjes,Q510916,male,38,,2002.0
Scientist,Thomas_Johann_Seebeck,Q327185,male,254,,2002.0
Scientist,Thomas_John_Hussey,Q4496488,male,232,,2010.0
Scientist,Thomas_John_Murray,Q17580318,male,0,,2014.0
Scientist,Thomas_Joiner,Q7791362,male,59,,2007.0
Scientist,Thomas_Jones_(mathematician),Q2911997,male,51,,2006.0
Scientist,Thomas_Jones_Enright,Q26923067,male,72,,2016.0
Scientist,Thomas_K._Donaldson,Q7791430,male,0,,2006.0
Scientist,Thomas_Kailath,Q3353479,male,89,,2005.0
Scientist,Thomas_Kariuki,Q58754845,male,0,,2018.0
Scientist,Thomas_Kaufman,Q94723968,,0,,2020.0
Scientist,Thomas_Kennedy_Dalziel,Q62584227,male,-100,,2019.0
Scientist,Thomas_Kilduff,Q16730839,male,0,,2013.0
Scientist,Thomas_Kilgore_Sherwood,Q3990668,male,0,,2006.0
Scientist,Thomas_L._Delworth,Q56854817,male,0,,2022.0
Scientist,Thomas_L._Magnanti,Q7791645,male,0,,2007.0
Scientist,Thomas_L._Saaty,Q744288,male,0,,2004.0
Scientist,Thomas_Laby,,,0,,2007.0
Scientist,Thomas_Lecky,Q39050130,male,120,,2017.0
Scientist,Thomas_Lemke_(sociologist),Q14948602,male,61,,2013.0
Scientist,Thomas_Lengauer,Q1243222,male,72,,2016.0
Scientist,"Thomas_Lincoln_Casey,_Jr.",,,0,,2017.0
Scientist,Thomas_Lincoln_Casey_Jr.,Q3525358,male,162,,2007.0
Scientist,Thomas_Llewelyn_Webb,Q7791885,male,46,,2007.0
Scientist,Thomas_Lovejoy,Q3525373,male,80,,2002.0
Scientist,Thomas_Lundqvist_(geologist),Q5967631,male,0,,2015.0
Scientist,Thomas_Lüscher,Q62560161,male,0,,2021.0
Scientist,Thomas_M._Cover,Q1733964,male,74,,2006.0
Scientist,Thomas_M._Liggett,Q2425961,male,76,,2009.0
Scientist,Thomas_MacFarland_Cherry,Q7792086,male,0,,2011.0
Scientist,Thomas_Magnanti,,,0,,2007.0
Scientist,Thomas_Main,Q7792129,male,79,,2010.0
Scientist,Thomas_Maschmeyer,Q27517361,male,0,,2016.0
Scientist,Thomas_Mason_(physicist),Q60735581,,60,,2018.0
Scientist,Thomas_Maurice_Rice,Q21166306,male,85,,2018.0
Scientist,Thomas_Mayo_Brewer,Q3525400,male,66,,2003.0
Scientist,Thomas_McCall_Anderson,Q16031640,male,72,,2013.0
Scientist,Thomas_McCormick,,,0,,2022.0
Scientist,Thomas_McKenny_Hughes,Q2426055,male,85,,2006.0
Scientist,Thomas_McKeown_(physician),Q11321386,male,76,,2013.0
Scientist,Thomas_Meehan_(botanist),Q8213940,male,75,,2007.0
Scientist,Thomas_Michael_O'Neil,Q2426127,male,84,,2020.0
Scientist,Thomas_Midgley_Jr.,Q324992,male,55,,2002.0
Scientist,Thomas_Milton_Rivers,Q2426144,male,74,,2005.0
Scientist,Thomas_Minott_Peters,Q19668075,male,78,,2015.0
Scientist,Thomas_Mirow,Q111899,male,0,,2016.0
Scientist,Thomas_Muffet,Q668763,male,-420,,2005.0
Scientist,Thomas_Muirhead_Flett,Q7792603,male,53,,2012.0
Scientist,Thomas_Neumann,Q64361221,male,0,,2022.0
Scientist,Thomas_Newcomen,Q193042,male,-295,,2002.0
Scientist,Thomas_Nunneley,Q18593542,male,-154,,2021.0
Scientist,Thomas_Nuttall,Q728337,male,238,,2003.0
Scientist,Thomas_O'Regan,Q7792827,male,64,,2009.0
Scientist,Thomas_Oakland,Q58894965,male,76,,2018.0
Scientist,Thomas_Oldham,Q7792882,male,62,,2006.0
Scientist,Thomas_Ollendick,Q42855162,male,0,,2017.0
Scientist,Thomas_Oxley_(neurologist),Q65048589,male,44,,2019.0
Scientist,Thomas_P._Grazulis,Q7792934,male,82,,2006.0
Scientist,Thomas_P._Loughran_Jr.,Q16731644,male,0,,2013.0
Scientist,Thomas_P._Moran,Q7792944,male,0,,2005.0
Scientist,Thomas_P_Stratten,Q7671203,male,120,,2024.0
Scientist,Thomas_Park_(AAAS),Q20859303,male,0,,2017.0
Scientist,Thomas_Parnell_(scientist),Q1783425,male,67,,2005.0
Scientist,Thomas_Patrick_Coohill,Q7793044,male,83,,2006.0
Scientist,Thomas_Paulay,Q17489115,male,86,,2014.0
Scientist,Thomas_Peel_Dunhill,Q18529139,male,81,,2015.0
Scientist,Thomas_Percy_Hilditch,Q18028579,male,0,,2021.0
Scientist,Thomas_Pettigrew,Q7793135,male,74,,2005.0
Scientist,Thomas_Pieber,Q88170434,male,63,,2021.0
Scientist,Thomas_Platter,Q117830,male,0,,2005.0
Scientist,Thomas_Platts-Mills,Q7793186,male,83,,2007.0
Scientist,Thomas_Poon,Q19667689,male,0,,2014.0
Scientist,Thomas_Postlethwaite,Q2910594,male,-226,,2006.0
Scientist,Thomas_Poulter,Q7793232,male,81,,2005.0
Scientist,Thomas_Pretious_Heslop,Q115493459,,62,,2022.0
Scientist,Thomas_Purdie,Q21166338,male,73,,2018.0
Scientist,Thomas_R._Cech,,,0,,2006.0
Scientist,Thomas_R._Holtz_Jr.,Q617200,male,59,,2006.0
Scientist,Thomas_R._Holtz_Jr.,Q82509744,,59,,2006.0
Scientist,Thomas_R._Insel,Q891667,male,73,,2009.0
Scientist,Thomas_R._Kane,Q7793353,male,95,,2011.0
Scientist,Thomas_R._Odhiambo,Q3525519,male,72,,2006.0
Scientist,Thomas_R._Tritton,Q7793382,male,0,,2005.0
Scientist,Thomas_Ransford,Q20006883,male,0,,2015.0
Scientist,Thomas_Reardon,Q19668431,male,0,,2015.0
Scientist,Thomas_Reid_Davys_Bell,Q7793466,male,0,,2006.0
Scientist,Thomas_Richard_Fraser,Q446779,male,79,,2010.0
Scientist,Thomas_Ringgold_Camp,Q108375405,male,76,,2021.0
Scientist,Thomas_Robie,Q21166344,male,335,,2022.0
Scientist,Thomas_Romney_Robinson,Q706867,male,90,,2003.0
Scientist,Thomas_Royds,Q2426962,male,140,,2007.0
Scientist,Thomas_Royen,Q29076442,male,77,,2017.0
Scientist,Thomas_S._Bianchi,Q57468009,male,0,,2020.0
Scientist,Thomas_S._K._Chang,Q66584168,male,-28,,2019.0
Scientist,Thomas_S._Popkewitz,Q7793736,male,84,,2011.0
Scientist,Thomas_Say,Q546079,male,47,,2004.0
Scientist,Thomas_Schwarz,Q7793817,male,0,,2013.0
Scientist,Thomas_Shapter,Q7793897,male,0,,2010.0
Scientist,Thomas_Shenk,Q7793923,male,0,,2006.0
Scientist,Thomas_Shermer,,,0,,
Scientist,Thomas_Slater_Price,Q21166359,male,149,,2018.0
Scientist,Thomas_Spencer_(mathematical_physicist),Q573070,male,78,,2011.0
Scientist,Thomas_Spencer_Cobbold,Q3525586,male,58,,2005.0
Scientist,Thomas_Spray,Q48976274,male,76,,2018.0
Scientist,Thomas_Starzl,Q1248240,male,91,,2005.0
Scientist,Thomas_Stephen_Cullen,Q2427459,male,0,,2006.0
Scientist,Thomas_Sterling_(computing),Q4117884,male,75,,2007.0
Scientist,Thomas_Stevenson_(toxicologist),Q6149642,male,-116,,2006.0
Scientist,Thomas_Stieltjes,,,0,,2009.0
Scientist,Thomas_Stockham,Q7794214,male,71,,2005.0
Scientist,Thomas_Stoltz_Harvey,Q1869196,male,95,,2005.0
Scientist,Thomas_Strangeways,Q21686500,male,0,,2015.0
Scientist,Thomas_Street_(astronomer),Q521638,male,68,,2006.0
Scientist,Thomas_Street_(astronomer),Q92790174,,68,,2006.0
Scientist,Thomas_Sugrue,Q7794266,male,0,,2007.0
Scientist,Thomas_Summers_West,Q7794273,male,83,,2010.0
Scientist,Thomas_Sydenham,Q559213,male,65,,2004.0
Scientist,Thomas_Szasz,Q66162,male,92,,2002.0
Scientist,Thomas_T._Goldsmith_Jr.,Q3432016,male,99,,2008.0
Scientist,Thomas_Thiemann,,,0,,
Scientist,Thomas_Thomson_(chemist),Q902546,male,0,,2005.0
Scientist,Thomas_Thundat,Q48131063,male,0,,2022.0
Scientist,Thomas_Tomich,Q58151154,male,68,,2020.0
Scientist,Thomas_Tuschl,Q90093,male,58,,2008.0
Scientist,Thomas_Vaughan_(philosopher),Q3060092,male,0,,2006.0
Scientist,Thomas_Vaughan_(philosopher),Q3397209,male,0,,2006.0
Scientist,Thomas_Verner_Moore,Q18912477,male,147,,2019.0
Scientist,Thomas_Verner_Moore,Q21521686,,147,,2019.0
Scientist,Thomas_W._Baumgarte,Q2427906,male,0,,2018.0
Scientist,Thomas_W._Hawkins_Jr.,Q1288080,male,86,,2015.0
Scientist,Thomas_W._Hungerford,Q7794756,male,78,,2011.0
Scientist,Thomas_W._L._Sanford,Q2427918,male,0,,2020.0
Scientist,Thomas_W._Laqueur,Q2425732,male,79,,2010.0
Scientist,Thomas_W._Merrill,Q7792399,male,0,,2006.0
Scientist,Thomas_W._Mitchell,Q100144798,male,0,,2020.0
Scientist,Thomas_W._Reps,Q15379099,male,68,,2013.0
Scientist,Thomas_W._Talley,Q19561968,male,82,,2015.0
Scientist,Thomas_Walker_Arnold,Q3595922,male,66,,2006.0
Scientist,Thomas_Walter_(botanist),Q1366734,male,-235,,2009.0
Scientist,Thomas_Ward_(mathematician),Q14465793,male,61,,2018.0
Scientist,Thomas_Ward_(mathematician),Q60024636,,61,,2018.0
Scientist,Thomas_Wehr,Q7786923,male,0,,2009.0
Scientist,Thomas_Wharton_(anatomist),Q2499418,male,59,,2008.0
Scientist,Thomas_Wharton_Jones,Q7795024,male,83,,2006.0
Scientist,Thomas_Widiger,Q104834845,male,0,,2021.0
Scientist,Thomas_Wiegand,Q108175,male,54,,2006.0
Scientist,Thomas_William_Allen,Q15850824,male,88,,2019.0
Scientist,Thomas_William_Edmondson,Q3379110,male,0,,2005.0
Scientist,Thomas_William_Körner,Q73694,male,78,,2007.0
Scientist,Thomas_Willis,Q452335,male,54,,2001.0
Scientist,Thomas_Willmore,Q963030,male,86,,2006.0
Scientist,Thomas_Willwacher,Q22265413,male,41,,2016.0
Scientist,Thomas_Wilson_(schoolmaster),Q18917585,male,0,,2018.0
Scientist,Thomas_Wittke,,,0,,
Scientist,Thomas_Woolsey,Q30122468,male,0,,2017.0
Scientist,Thomas_Wynne,Q7795363,male,397,,2006.0
Scientist,Thomas_Young_(scientist),Q25820,male,56,,2002.0
Scientist,Thomas_Ypsilantis,Q2428329,male,72,,2005.0
Scientist,Thomas_Zacharia,Q7795388,male,0,,2007.0
Scientist,Thomas_Zink,Q98660,male,75,,2011.0
Scientist,Thomas_ap_Rees,Q7795441,male,94,,2009.0
Scientist,Thomas_van_der_Hammen,Q3525732,male,86,,2016.0
Scientist,Thomson_M._Whitin,Q15993651,male,90,,2013.0
Scientist,Thomson_Nguyen,,,0,,
Scientist,Thor_Heyerdahl,Q133622,male,88,,2002.0
Scientist,Thor_I._Fossen,Q12006155,male,61,,2013.0
Scientist,Thor_Rhodin,Q7796092,male,86,,2008.0
Scientist,Thora_Whitehead,Q108864452,female,85,,2021.0
Scientist,"Thoralf_M._Sundt,_III",Q114245317,male,0,,2022.0
Scientist,Thoralf_Skolem,Q548080,male,76,,2004.0
Scientist,Thorkild_Jacobsen,Q7662926,male,89,,2007.0
Scientist,Thoroddur_Bjarnason,Q25591211,male,0,,2019.0
Scientist,Thorsten_Altenkirch,Q22087167,male,0,,2015.0
Scientist,Thorsten_Hens,Q215220,male,0,,2010.0
Scientist,Thorsten_Sellin,Q433517,male,98,,2009.0
Scientist,Thorsten_Walles,Q24237923,male,52,,2016.0
Scientist,Thorvald_Madsen,Q5971497,male,154,,2013.0
Scientist,Thorvald_N._Thiele,Q1242983,male,186,,2004.0
Scientist,Thorvald_Sørensen,Q7796792,male,71,,2007.0
Scientist,Threshold_voltage,Q1754002,,0,,2005.0
Scientist,Thressa_Stadtman,Q18631275,female,96,,2014.0
Scientist,Thure_E._Cerling,Q7799267,male,0,,2010.0
Scientist,Thurlow_Christian_Nelson,,,0,,
Scientist,Thyrsa_Frazier_Svager,Q12897730,female,69,,2017.0
Scientist,Théodore_Flournoy,Q667117,male,66,,2006.0
Scientist,Théodore_Olivier,Q3526475,male,60,,2016.0
Scientist,Théodore_Tronchin,Q116710,male,78,,2008.0
Scientist,Théodore_Tuffier,Q23926387,male,72,,2017.0
Scientist,Théodore_Turrettini,Q685846,male,71,,2012.0
Scientist,Théodule-Armand_Ribot,Q463441,male,77,,2004.0
Scientist,Théophile_Lepage,Q20811168,male,90,,2015.0
Scientist,Théophile_de_Donder,Q558384,male,85,,2006.0
Scientist,Thérèse_Brady,Q99541110,female,0,,2020.0
Scientist,Thérèse_Tréfouël,Q27439263,female,86,,2020.0
Scientist,Tia_Keyes,Q7800011,female,0,,2010.0
Scientist,Tia_Watts,,,0,,
Scientist,Tiago_P._Peixoto,Q30505396,male,0,,2019.0
Scientist,Tian_Bo,Q9318039,male,88,,2019.0
Scientist,Tian_Gang,Q942908,male,66,,2006.0
Scientist,Tian_Wei,Q83569195,male,0,,2020.0
Scientist,Tian_Ye_(mathematician),Q19864295,male,0,,2015.0
Scientist,Tian_Zhigang,Q108687378,male,68,,2021.0
Scientist,Tianxi_Cai,Q57915962,female,0,,2018.0
Scientist,Tianxin_Cai,Q94501358,male,0,,2022.0
Scientist,Tiara_Moore,Q95983866,female,0,,2021.0
Scientist,Tiberiu_Popoviciu,Q3991128,male,69,,2013.0
Scientist,Tiberius_Cavallo,Q1398771,male,60,,2004.0
Scientist,Tiberius_Cornelis_Winkler,Q474547,male,75,,2008.0
Scientist,Tibor_Gallai,Q833449,male,80,,2005.0
Scientist,Tibor_Gánti,Q958078,male,76,,2013.0
Scientist,Tibor_J._Greenwalt,Q110300559,male,110,,2021.0
Scientist,Tibor_Radó,Q896749,male,129,,2005.0
Scientist,Tibor_Scitovsky,Q742974,male,92,,2006.0
Scientist,Tibor_Šalát,Q7800529,male,79,,2007.0
Scientist,Tien-Yien_Li,Q7801025,male,79,,2007.0
Scientist,Tien-Yien_Li%5D_and_50_more%5D,,,0,,
Scientist,Tiffany_Shaw,Q61995805,female,0,,2019.0
Scientist,Tiffany_Stewart,Q88976297,female,0,,2022.0
Scientist,Tihiro_Ohkawa,Q2433004,male,96,,2018.0
Scientist,Tikam_Singh_Rana,Q36690961,male,55,,2022.0
Scientist,Tikhon_Chicherin,Q4516778,male,0,,2008.0
Scientist,Tikhon_Moiseev,Q48954194,male,46,,2018.0
Scientist,Tikvah_Alper,Q16002653,female,86,,2012.0
Scientist,Till_Roenneberg,Q2433453,male,71,,2013.0
Scientist,Tilli_Tansey,Q7802827,female,0,,2012.0
Scientist,Tilly_Edinger,Q86614,female,70,,2013.0
Scientist,Tilman_Esslinger,Q8220071,male,0,,2013.0
Scientist,Tilman_Schirmer,Q16186470,male,0,,2013.0
Scientist,Tim_Ball,Q2672137,male,84,,2014.0
Scientist,Tim_Bell_(computer_scientist),Q17285317,male,0,,2014.0
Scientist,Tim_Birkhead,Q7803180,male,74,,2011.0
Scientist,Tim_Black,Q7803183,male,77,,2011.0
Scientist,Tim_C._Burt,,,0,,
Scientist,Tim_C._Ralph,Q16734913,male,0,,2013.0
Scientist,Tim_Clausen,Q43381276,male,55,,2017.0
Scientist,Tim_Clutton-Brock,Q7803327,male,78,,2008.0
Scientist,Tim_Cochran,Q18655751,male,69,,2014.0
Scientist,Tim_Cockerill,Q58225885,male,0,,2020.0
Scientist,Tim_Crane,Q7803365,male,62,,2009.0
Scientist,Tim_D._White,Q955500,male,74,,2005.0
Scientist,Tim_Denvir,Q105715879,male,0,,2021.0
Scientist,Tim_Elliott_(earth_scientist),Q30106728,male,0,,2023.0
Scientist,Tim_Finin,Q7803487,male,75,,2006.0
Scientist,Tim_G._Benton,Q15850945,male,0,,2021.0
Scientist,Tim_Gebbie,,,0,,
Scientist,Tim_Harris_(biochemist),Q105986513,male,74,,2021.0
Scientist,Tim_Hawarden,Q111269472,male,66,,2022.0
Scientist,Tim_Holt_(statistician),Q7803667,male,81,,2006.0
Scientist,Tim_Hubbard,Q15990056,male,0,,2014.0
Scientist,Tim_Hunkin,Q2420686,male,74,,2004.0
Scientist,Tim_Hunt,Q309977,male,81,,2005.0
Scientist,Tim_J._Yen,Q107087869,male,0,,2021.0
Scientist,Tim_Kraska,Q113252205,male,0,,2022.0
Scientist,Tim_Lamont,Q115539194,,0,,
Scientist,Tim_Lenton,Q3528661,male,0,,2009.0
Scientist,Tim_Mitchison,Q7803987,male,0,,2005.0
Scientist,Tim_Naish,Q1321112,male,0,,2007.0
Scientist,Tim_Noakes,Q7804049,male,0,,2005.0
Scientist,Tim_O'Brien_(physicist),Q25184269,male,60,,2016.0
Scientist,Tim_Palmer_(physicist),Q7804093,male,72,,2012.0
Scientist,Tim_Patterson,Q1513281,male,0,,2007.0
Scientist,Tim_Pedley,Q7804099,male,82,,2009.0
Scientist,Tim_Peto,Q13522422,male,74,,2012.0
Scientist,Tim_Poston,Q7804122,male,72,,2009.0
Scientist,Tim_Roughgarden,Q7804199,male,49,,2012.0
Scientist,Tim_Samaras,Q13415410,male,56,,2013.0
Scientist,Tim_Stearns__Tim_Stearns__1,,,63,,
Scientist,Tim_Stephens_(legal_academic),Q19667766,male,0,,2015.0
Scientist,Tim_Teitelbaum,Q16106477,male,81,,2014.0
Scientist,Tim_Trachet,Q2469512,male,0,,2014.0
Scientist,Tim_Tully,Q55238240,male,0,,2018.0
Scientist,Tim_de_Zeeuw,Q2659451,male,68,,2010.0
Scientist,Timmie_Gene_Smith,,,0,,
Scientist,Timnit_Gebru,Q59753117,female,0,,2019.0
Scientist,Timo_Hannay,Q7806862,male,0,,2009.0
Scientist,Timo_Leino,Q28028778,male,88,,2019.0
Scientist,Timoleon_Argyropoulos,Q12885368,male,65,,2021.0
Scientist,Timoteus_Pokora,Q15850986,male,96,,2015.0
Scientist,Timothy_A._Springer,Q1649143,male,76,,2008.0
Scientist,Timothy_Abbott_Conrad,Q2623589,male,74,,2005.0
Scientist,Timothy_B._Spahr,Q921897,male,0,,2004.0
Scientist,Timothy_Bates,Q7807046,male,0,,2008.0
Scientist,Timothy_Beers,Q30068246,male,67,,2017.0
Scientist,Timothy_Bickmore,,,0,,
Scientist,Timothy_Bliss,Q7807064,male,84,,2011.0
Scientist,Timothy_Bresnahan,Q41799775,male,0,,2021.0
Scientist,Timothy_Browning,Q7807081,male,48,,2010.0
Scientist,Timothy_Buie,Q16982010,male,0,,2014.0
Scientist,Timothy_C._Johnson,Q30323382,male,0,,2017.0
Scientist,Timothy_C._Lethbridge,Q14514947,male,0,,2013.0
Scientist,Timothy_Canham,Q112175124,male,0,,2022.0
Scientist,Timothy_Caulfield,Q28055096,male,0,,2016.0
Scientist,Timothy_Clifton,,,0,,
Scientist,Timothy_D._Baker,Q63285451,male,88,,2019.0
Scientist,Timothy_D._Herbert,Q28822928,male,0,,2017.0
Scientist,Timothy_D._Johnston,Q63456284,male,0,,2019.0
Scientist,Timothy_D._Lash,Q90247046,male,71,,2020.0
Scientist,Timothy_Douglas_White,,,0,,2010.0
Scientist,Timothy_Eglinton,Q17318641,male,0,,2014.0
Scientist,Timothy_F._Jamison,Q21062252,male,0,,2015.0
Scientist,Timothy_Ferris__Timothy_Ferris__1,,,80,,
Scientist,Timothy_Gowers,Q220402,male,61,,2003.0
Scientist,Timothy_Haskell,Q62072784,male,0,,2019.0
Scientist,Timothy_Holland,Q18324461,male,0,,2014.0
Scientist,Timothy_J._Ley,Q7807352,male,0,,2010.0
Scientist,Timothy_John_Entwisle,Q21512240,male,0,,2019.0
Scientist,Timothy_Jurka,Q23881796,male,0,,2016.0
Scientist,Timothy_L._Macdonald,,,0,,
Scientist,Timothy_Lee_Barnwell,Q15616205,male,69,,2013.0
Scientist,Timothy_Leighton,Q17414352,male,61,,2014.0
Scientist,Timothy_Lillicrap,Q51035916,male,0,,2020.0
Scientist,Timothy_M._Lohman,Q7807375,male,0,,2010.0
Scientist,Timothy_M._P._Tait,Q16213800,male,53,,2013.0
Scientist,Timothy_M._Swager,Q25849488,male,63,,2016.0
Scientist,Timothy_O'Shea,Q7807430,male,75,,2005.0
Scientist,Timothy_Osborn,Q18161718,male,0,,2014.0
Scientist,Timothy_P._Lodge,Q17183057,male,70,,2014.0
Scientist,Timothy_P._Marshall,Q7807444,male,68,,2006.0
Scientist,Timothy_Pachirat,,,0,,
Scientist,Timothy_Plowman,Q2326803,male,45,,2011.0
Scientist,Timothy_Smiley,Q7807523,male,94,,2007.0
Scientist,Timothy_Softley,Q55224159,male,0,,2018.0
Scientist,Tina_Ambos,Q7807859,female,0,,2011.0
Scientist,Tina_Beattie,Q168326,female,69,,2009.0
Scientist,Tina_Besley,Q41860148,female,0,,2017.0
Scientist,Tina_Eliassi-Rad,Q102000383,female,0,,2020.0
Scientist,Tina_Engels-Schwarzpaul,Q55760639,female,0,,2018.0
Scientist,Tina_Hartert,Q97671447,,0,,2020.0
Scientist,Tina_Kahniashvili,Q51701741,female,0,,2020.0
Scientist,Tina_Young_Poussaint,Q95985375,female,0,,2020.0
Scientist,Tina_van_de_Flierdt,Q50825691,female,0,,2018.0
Scientist,Tinde_van_Andel,Q21264792,female,0,,2018.0
Scientist,Ting-Chao_Chou,Q15070077,male,86,,2013.0
Scientist,Ting_Wu,Q15989787,female,70,,2013.0
Scientist,Tingwen_Huang,Q39990277,male,0,,2022.0
Scientist,Tingye_Li,Q1427817,male,81,,2006.0
Scientist,Tinku_Acharya,Q111028354,male,0,,2022.0
Scientist,Tinne_Hoff_Kjeldsen,Q19519203,female,0,,2015.0
Scientist,Tinsley_Oden,,,0,,2007.0
Scientist,Tirin_Moore,Q89438832,male,55,,2021.0
Scientist,Tiruvadi_Sambasiva_Venkataraman,Q12432137,male,79,,2018.0
Scientist,Tista_Bagchi,Q17152255,female,0,,2014.0
Scientist,Titia_de_Lange,Q2436934,female,69,,2013.0
Scientist,Titu_Andreescu,Q3710120,male,68,,2006.0
Scientist,Titus_Pankey,Q112766731,male,78,,2022.0
Scientist,Tiya_Miles,Q7810491,female,0,,2009.0
Scientist,Tiziana_Di_Matteo,Q61942530,female,0,,2019.0
Scientist,Tiziana_Rossetto,Q58091714,female,0,,2021.0
Scientist,Tjalling_Koopmans,Q110968,male,75,,2004.0
Scientist,Tlingit_clans,Q7810747,,0,,2004.0
Scientist,Tobias_Bonhoeffer,Q102057,male,0,,2008.0
Scientist,Tobias_Colding,Q2437740,male,0,,2010.0
Scientist,Tobias_Dantzig,Q3290663,male,0,,2004.0
Scientist,Tobias_Delbruck,Q29348043,male,0,,2017.0
Scientist,Tobias_Delbruck,Q87633948,,0,,2017.0
Scientist,Tobias_Heinemann,,,0,,
Scientist,Tobias_Mayer,Q60406,male,39,,2004.0
Scientist,Tobias_Nipkow,Q18217799,male,0,,2014.0
Scientist,Tobias_Preis,Q7811656,male,0,,2011.0
Scientist,Tobin_Im,Q19901625,male,63,,2015.0
Scientist,Tobin_J._Marks,Q899214,male,80,,2006.0
Scientist,Toby_Gee,Q57422447,male,44,,2018.0
Scientist,Toby_Gibson,Q37391213,male,0,,2018.0
Scientist,Toby_Howard,Q15429858,male,0,,2013.0
Scientist,Toby_Kiers,Q78103998,female,0,,2021.0
Scientist,Toby_Levitt,Q25930015,male,50,,2016.0
Scientist,Toby_Miller,Q7811851,male,66,,2008.0
Scientist,Toby_Moskowitz,Q7811857,male,53,,2007.0
Scientist,Toby_Walsh,Q7473569,male,0,,2010.0
Scientist,Tod_H._Mikuriya,Q7812084,male,74,,2004.0
Scientist,Tod_R._Lauer,Q2679468,male,0,,2006.0
Scientist,Todd_Clear,Q23091468,male,75,,2016.0
Scientist,Todd_D._Little,Q18207225,male,64,,2014.0
Scientist,Todd_Golub,Q7812388,male,0,,2007.0
Scientist,Todd_Kashdan,Q16973468,male,0,,2013.0
Scientist,Todd_Lencz,Q37652358,male,0,,2021.0
Scientist,Todd_M._Allen,Q94552898,,0,,2020.0
Scientist,Todd_M._Hutton,Q64747486,male,0,,2019.0
Scientist,Todd_Martínez,Q7812520,male,56,,2006.0
Scientist,Todd_R._Klaenhammer,Q44797166,male,70,,2021.0
Scientist,Todd_Risley,Q91191676,male,87,,2020.0
Scientist,Todor_Georgiev,Q97358092,male,0,,2020.0
Scientist,Tofig_Kocharli,Q7812980,male,78,,2011.0
Scientist,Tohru_Eguchi,Q2465343,male,71,,2019.0
Scientist,Tohru_Fukuyama,Q1057268,male,76,,2008.0
Scientist,Tokiharu_Abe,Q2715938,male,85,,2007.0
Scientist,Toktamış_Ateş,Q3896316,male,69,,2013.0
Scientist,Tokushichi_Mishima,Q11355245,male,82,,2004.0
Scientist,Tollak_B._Sirnes,Q7814345,male,87,,2009.0
Scientist,Tolullah_Oni,Q56441710,female,0,,2019.0
Scientist,Tom_Abbott_(socialist),Q21999856,male,0,,2016.0
Scientist,Tom_Abel,Q88977,male,0,,2023.0
Scientist,Tom_Apostol,,,0,,2005.0
Scientist,Tom_Banks_(physicist),Q1383863,male,75,,2004.0
Scientist,Tom_Blundell,Q7814993,male,82,,2006.0
Scientist,Tom_Bolton_(astronomer),Q6960309,male,78,,2008.0
Scientist,Tom_Bridgeland,Q176482,male,0,,2010.0
Scientist,Tom_Brooks_(writer),Q7815077,male,0,,2012.0
Scientist,Tom_Brown_(chemist),Q28209484,male,72,,2016.0
Scientist,Tom_Brown_(engineer),Q66859594,,86,,2019.0
Scientist,Tom_Brown_(mathematician),Q104869429,,0,,2020.0
Scientist,Tom_Browning_(entomologist),Q7815107,male,0,,2011.0
Scientist,Tom_Campbell_(philosopher),Q7815187,male,0,,2010.0
Scientist,Tom_Catena,Q20687407,male,60,,2015.0
Scientist,Tom_Cech,,,0,,2006.0
Scientist,Tom_Conte__Thomas_Martin_Conte__1,,,60,,
Scientist,Tom_Cornsweet,Q7817000,male,88,,2011.0
Scientist,Tom_Cross_(computer_security),Q7815461,male,0,,2006.0
Scientist,Tom_Curran_(medical_researcher),Q7815488,male,68,,2011.0
Scientist,Tom_D._Crouch,Q7815495,male,0,,2012.0
Scientist,Tom_Dame,Q16728354,male,0,,2014.0
Scientist,Tom_DeMarco__Tom_DeMarco__1,,,84,,
Scientist,Tom_Gilb,Q7815925,male,0,,2004.0
Scientist,Tom_Gill_(writer),Q7790473,male,133,,2009.0
Scientist,Tom_Griffiths_(cognitive_scientist),Q77873402,male,0,,2021.0
Scientist,Tom_Iredale,Q3530755,male,92,,2004.0
Scientist,Tom_Jefferson_(epidemiologist),Q18719500,male,0,,2014.0
Scientist,Tom_Kibble,Q926167,male,84,,2005.0
Scientist,Tom_Kilburn,Q92786,male,80,,2004.0
Scientist,Tom_Knight_(scientist),Q7816496,male,0,,2004.0
Scientist,Tom_Lane_(computer_scientist),Q7816527,male,69,,2008.0
Scientist,Tom_M._Apostol,Q428143,male,93,,2005.0
Scientist,Tom_M._Mitchell,Q7816669,male,73,,2011.0
Scientist,Tom_Maibaum,Q7816687,male,0,,2006.0
Scientist,Tom_Maniatis,Q554898,male,81,,2005.0
Scientist,Tom_May_(mycologist),Q56056913,,0,,2007.0
Scientist,Tom_May_(mycologist),Q7816746,male,0,,2007.0
Scientist,Tom_McDermott_(engineer),Q7816783,male,0,,2010.0
Scientist,Tom_McLeish,Q21166171,male,62,,2015.0
Scientist,Tom_McNair_(surgeon),Q59773549,male,67,,2018.0
Scientist,Tom_O'Donnell_(physician),Q19845223,male,88,,2015.0
Scientist,Tom_Ostrom,Q7817133,male,0,,2007.0
Scientist,Tom_Parry_Jones,Q3449512,male,78,,2013.0
Scientist,Tom_Quinn_(astrophysicist),Q30668133,male,0,,2017.0
Scientist,Tom_R._Tyler,Q7817312,male,74,,2012.0
Scientist,Tom_Rich,Q1557564,male,0,,2019.0
Scientist,Tom_Roeder,,,0,,
Scientist,Tom_Sanders_(mathematician),Q2440058,male,0,,2012.0
Scientist,Tom_Shires,Q15995463,male,82,,2008.0
Scientist,Tom_Solomon_(neurologist),Q18640365,male,0,,2014.0
Scientist,Tom_Troscianko,Q18926795,male,58,,2015.0
Scientist,Tom_Truscott,Q7817879,male,0,,2007.0
Scientist,Tom_Trusky,Q7817877,male,65,,2011.0
Scientist,Tom_Tuschl,,,0,,
Scientist,Tom_Van_Flandern,Q3530947,male,69,,2003.0
Scientist,Tom_W._B._Kibble,,,0,,2014.0
Scientist,Tom_Welton,Q19358364,male,0,,2015.0
Scientist,Tom_Whiteside__Tom_Whiteside__1,,,76,,
Scientist,Tom_Wigley,Q7818051,male,0,,2009.0
Scientist,Tomas_Batuecas,Q15430065,male,79,,2013.0
Scientist,Tomas_Lindahl,Q1886068,male,86,,2008.0
Scientist,Tomas_Lozano-Perez,,,0,,
Scientist,Tomaso_Poggio,Q3992579,male,77,,2008.0
Scientist,Tomasz_Dietl,Q9359260,male,74,,2014.0
Scientist,Tomasz_Ganicz,Q9359290,male,58,,2017.0
Scientist,Tomasz_Hueckel,Q102919253,,0,,2021.0
Scientist,Tomasz_Imieliński,Q9359348,male,70,,2010.0
Scientist,Tomasz_Mrowka,Q2440495,male,63,,2008.0
Scientist,Tomasz_Robert_Taylor,Q44737743,,70,,2017.0
Scientist,Tomasz_Witkowski,Q16610968,,0,,2014.0
Scientist,Tomaž_Pisanski,Q6960377,male,75,,2002.0
Scientist,Tomaž_Prosen,Q44887919,,54,,2020.0
Scientist,Tomek_Bartoszyński,Q7818795,male,67,,2008.0
Scientist,Tomer_Schlank,,,0,,2023.0
Scientist,Tomio_Kubota,Q4858343,,90,,2008.0
Scientist,Tomisaku_Kawasaki,Q468380,male,95,,2009.0
Scientist,Tomislav_Friščić,Q59575657,male,0,,2020.0
Scientist,Tomislav_Kovandzic,Q32620312,male,0,,2017.0
Scientist,Tomislav_Maretić,Q1256156,male,84,,2008.0
Scientist,Tomislav_Sunić,Q3500537,male,71,,2006.0
Scientist,Tomizo_Yoshida,Q2600935,male,70,,2014.0
Scientist,Tommaso_Boggio,Q3992722,male,86,,2011.0
Scientist,Tommaso_Ceva,Q635581,male,376,,2005.0
Scientist,Tommaso_Di_Maria_Allery_Monterosato,Q7819092,male,86,,2011.0
Scientist,Tommaso_Lomonaco,Q3992793,male,0,,2009.0
Scientist,Tommaso_Salvadori,Q704169,male,88,,2004.0
Scientist,Tomo_Tanaka,Q56522617,male,0,,2020.0
Scientist,Tomoko_Ohta,Q275103,female,91,,2005.0
Scientist,Tomonori_Totani,Q17161717,male,53,,2021.0
Scientist,Tomás_Buch,Q63615061,male,86,,2019.0
Scientist,Tomás_Leandro_Marini,Q43137488,male,122,,2017.0
Scientist,Tomás_Lozano-Pérez,Q58809826,male,0,,2020.0
Scientist,Tomáš_Mikolov,Q24698708,male,0,,2019.0
Scientist,Tonda_L._Hughes,Q47712500,female,0,,2019.0
Scientist,Tonderai_Kasu,Q91641792,male,0,,2020.0
Scientist,Tong_Binggang,Q9322514,male,93,,2020.0
Scientist,Tong_Dizhou,Q666354,male,0,,2004.0
Scientist,Tong_Sun,Q75691583,female,0,,2019.0
Scientist,Tong_Xiaolin,Q76508564,male,68,,2019.0
Scientist,Tong_Zhe,Q15386228,male,37,,2013.0
Scientist,Toni_Antonucci,Q29791556,female,76,,2017.0
Scientist,Toni_Bruce,Q55584528,female,0,,2018.0
Scientist,Toni_Wolff,Q3028585,female,65,,2006.0
Scientist,Toniann_Pitassi,Q7821369,female,0,,2011.0
Scientist,Tonio_Rella,,,0,,
Scientist,Tony_Attwood,Q1971155,male,72,,2004.0
Scientist,Tony_Banham,Q7821823,male,65,,2009.0
Scientist,Tony_Bell_(physicist),Q22277015,male,0,,2017.0
Scientist,Tony_Bernard_Mosman,Q27983335,male,99,,2015.0
Scientist,Tony_Brooker,Q7821956,male,94,,2008.0
Scientist,Tony_Cicoria,Q7822066,male,0,,2008.0
Scientist,Tony_Cliff,Q550453,male,83,,2003.0
Scientist,Tony_Fitzjohn,Q7822345,male,77,,2008.0
Scientist,Tony_Gardiner,Q7822413,male,0,,2011.0
Scientist,Tony_Heinz,Q59105399,male,68,,2019.0
Scientist,Tony_Hey,Q7822567,male,78,,2007.0
Scientist,Tony_Hoare,Q92602,male,90,,2002.0
Scientist,Tony_J._Pitcher,Q7822631,male,0,,2009.0
Scientist,Tony_James_(chemist),Q26935213,male,60,,2016.0
Scientist,Tony_Jun_Huang,Q29340742,male,0,,2017.0
Scientist,Tony_Kouzarides,Q15994566,male,66,,2012.0
Scientist,Tony_Laubach,Q7822763,male,44,,2008.0
Scientist,Tony_Maxworthy,Q15054518,male,80,,2015.0
Scientist,Tony_Minson,Q7822991,male,80,,2009.0
Scientist,Tony_O'Farrell,Q112898356,,0,,2022.0
Scientist,Tony_Orchard,Q17199130,male,64,,2014.0
Scientist,Tony_Pawson_(biochemist),Q573751,male,61,,2005.0
Scientist,Tony_Rees_(scientist),Q36508889,male,0,,2020.0
Scientist,Tony_Rodd,Q5696967,male,0,,2018.0
Scientist,Tony_Ryan_(scientist),Q7823331,male,0,,2010.0
Scientist,Tony_Sinclair_(biologist),Q21165243,male,80,,2016.0
Scientist,Tony_Skyrme,Q1665938,male,65,,2005.0
Scientist,Tony_Turner_(scientist),Q7823600,male,0,,2013.0
Scientist,Tony_Wilkinson,Q18926796,male,66,,2015.0
Scientist,Toomas_Kivisild,Q3742417,male,0,,2005.0
Scientist,Topic_marker,Q7824868,,0,,2005.0
Scientist,Toponogov's_theorem,Q7825061,,0,,2008.0
Scientist,Tor_A._Benjaminsen,Q60730163,male,0,,2022.0
Scientist,Tor_Bergeron,Q949231,male,133,,2005.0
Scientist,Tor_Wager,Q20675758,male,0,,2015.0
Scientist,Torahiko_Terada,Q895919,male,57,,2003.0
Scientist,Torben_Larsen,Q7825463,male,82,,2012.0
Scientist,Torbern_Bergman,Q201347,male,49,,2004.0
Scientist,Torbjörn_Caspersson,Q457472,male,87,,2005.0
Scientist,Torbjörn_Sjöstrand,Q2443756,male,70,,2015.0
Scientist,Torchy_Atkinson,Q14954643,male,81,,2012.0
Scientist,Tord_Ganelius,Q5751077,male,0,,2012.0
Scientist,Tore_Linné_Eriksen,Q1794713,male,79,,2009.0
Scientist,Tore_Pryser,Q12006998,male,79,,2007.0
Scientist,Torey_Hayden,Q438134,female,73,,2003.0
Scientist,Torkel_Weis-Fogh,Q3532308,male,53,,2006.0
Scientist,Torleif_Ericson,Q5714953,male,94,,2021.0
Scientist,Tormod_Lunde,Q12007096,male,70,,2016.0
Scientist,Torrence_Parsons,Q7827016,male,0,,2005.0
Scientist,Torsen,Q676061,,0,,2005.0
Scientist,Torsten_Bringmann,,,0,,
Scientist,Torsten_Carleman,Q526581,male,57,,2006.0
Scientist,Torsten_Ekedahl,,,0,,
Scientist,Torsten_Gustafson,Q5778128,male,83,,2017.0
Scientist,Torsten_Hägerstrand,Q335879,male,88,,2005.0
Scientist,Torsten_Suel,Q7827260,male,58,,2009.0
Scientist,Torsten_Wedhorn,,,0,,
Scientist,Torsten_Wiesel,Q271421,male,100,,2004.0
Scientist,Torsten_Zuberbier,Q124962,male,62,,2010.0
Scientist,Torsten_Åkesson,Q23915065,male,70,,2017.0
Scientist,Toru_Ishida,Q57063701,male,71,,2019.0
Scientist,Toshifumi_Yokota,Q88715956,male,0,,2020.0
Scientist,Toshihide_Maskawa,Q202168,male,81,,2007.0
Scientist,Toshikazu_Sunada,Q1399383,male,0,,2009.0
Scientist,Toshiki_Tajima,Q11576613,male,76,,2020.0
Scientist,Toshiko_Mayeda,Q56042439,female,-20,,2018.0
Scientist,Toshiko_Yuasa,Q11563704,female,115,,2015.0
Scientist,Toshimasa_Furuta,Q684701,male,0,,2004.0
Scientist,Toshinori_Ishikuma,Q18687948,male,0,,2014.0
Scientist,Toshio_Hirano,Q7486453,male,77,,2009.0
Scientist,Toshio_Yamada,Q7827790,male,0,,2007.0
Scientist,Toshio_Yanagida,Q15800311,male,0,,2014.0
Scientist,Toshisada_Nishida,Q2340557,male,83,,2012.0
Scientist,Tosio_Kato,Q1335673,male,82,,2010.0
Scientist,Tosun_Terzioğlu,Q6057291,male,0,,2007.0
Scientist,Touati_Benoukraf,Q57017070,male,0,,2019.0
Scientist,Toufik_Mansour,Q6575205,male,56,,2013.0
Scientist,Toussaint_von_Charpentier,Q69687,male,0,,2005.0
Scientist,Tova_Milo,Q7829447,female,0,,2012.0
Scientist,Townshend_Stith_Brandegee,Q1002345,male,82,,2013.0
Scientist,Toyin_Falola,Q7830608,male,71,,2009.0
Scientist,Trac_Tran,Q29359574,male,0,,2017.0
Scientist,Tracey_Gloster,Q21264796,female,0,,2020.0
Scientist,Tracey_McIntosh,Q55584347,female,0,,2018.0
Scientist,Tracey_Rouault,Q58220941,female,0,,2022.0
Scientist,Tracey_Shors,Q81878496,female,0,,2020.0
Scientist,Trachette_Jackson,Q20563429,female,52,,2015.0
Scientist,Tracy_Bale,Q67189886,female,0,,2019.0
Scientist,Tracy_Camp,Q4815266,female,60,,2012.0
Scientist,Tracy_Dennis-Tiwary,Q114434825,,51,,2021.0
Scientist,Tracy_I._Storer,Q17037904,male,84,,2014.0
Scientist,Tracy_L._Cross,Q16192665,male,0,,2012.0
Scientist,Tracy_L._Kahn,Q18631381,female,0,,2014.0
Scientist,Tracy_Northup,Q59521746,female,0,,2021.0
Scientist,Tracy_Packiam_Alloway,Q45906399,female,0,,2018.0
Scientist,Tracy_Palmer,Q21264797,female,57,,2018.0
Scientist,Tracy_Putnam,Q7831823,male,81,,2010.0
Scientist,Tracy_R._Lewis,Q7831826,male,0,,2005.0
Scientist,Tracy_Slatyer,Q24851687,female,0,,2016.0
Scientist,Tracy_Teal,Q56223652,female,0,,2018.0
Scientist,Tracy_Yerkes_Thomas,Q24068940,male,84,,2016.0
Scientist,Traian_Herseni,Q18540734,male,73,,2015.0
Scientist,Traian_Lalescu,Q3290853,male,47,,2005.0
Scientist,Traian_Săvulescu,Q1323451,male,74,,2015.0
Scientist,Training_to_failure,Q3664152,,0,,2005.0
Scientist,Traugott_Sandmeyer,Q116860,male,68,,2007.0
Scientist,Travis_Dixon,Q36512469,male,0,,2017.0
Scientist,Travis_Hirschi,Q376554,male,-7,,2009.0
Scientist,Travis_Kibota,,,0,,
Scientist,Travis_Pratt,Q54860928,male,0,,2018.0
Scientist,Travis_S._Taylor,Q7836365,male,56,,2006.0
Scientist,Travis_Schedler,,,0,,
Scientist,Treat_Baldwin_Johnson,Q11204520,male,72,,2006.0
Scientist,Trefor_Jenkins,Q7837812,male,0,,2008.0
Scientist,Tresa_Pollock,Q43835904,female,0,,2018.0
Scientist,Trevor_Bamidele_Davies,Q102759869,male,52,,
Scientist,Trevor_Baylis,Q1387401,male,87,,2004.0
Scientist,Trevor_Beard,Q7839054,male,90,,2010.0
Scientist,Trevor_Bedford_(virologist),Q108882841,,0,,2021.0
Scientist,Trevor_Bench-Capon,Q7839059,male,0,,2012.0
Scientist,Trevor_Chinn_(glaciologist),Q60021419,male,81,,2018.0
Scientist,Trevor_Cox,Q16206743,male,0,,2011.0
Scientist,Trevor_Darrell,Q56678928,male,0,,2019.0
Scientist,Trevor_Elliott_(geoscientist),Q28561539,male,64,,2017.0
Scientist,Trevor_H._Worthy,,,0,,2022.0
Scientist,Trevor_Hastie,Q7839206,male,71,,2012.0
Scientist,Trevor_J._Barnes,Q7839228,male,68,,2011.0
Scientist,Trevor_M._Jones,Q18688102,male,82,,2014.0
Scientist,Trevor_McDougall,Q21166460,male,72,,2018.0
Scientist,Trevor_Platt,Q21166446,male,78,,2020.0
Scientist,Trevor_Robbins,Q7839400,male,75,,2008.0
Scientist,Trevor_Sheldon,Q7839422,male,0,,2007.0
Scientist,Trevor_Valle,Q96149007,male,49,,2020.0
Scientist,Trevor_West,Q7839483,male,74,,2011.0
Scientist,Trevor_Williams_(plant_geneticist),Q19847289,male,0,,2015.0
Scientist,Trevor_Wooley,Q451701,male,60,,2006.0
Scientist,Trevor_Worthy,Q996059,male,67,,2007.0
Scientist,Trey_Ideker,Q16335202,male,0,,2011.0
Scientist,Trial_of_Reuben_Crandall,Q89500063,,32,,2020.0
Scientist,Tricia_Carmichael,Q81905564,female,0,,2020.0
Scientist,Triin_Vahisalu,Q62605027,female,46,,2021.0
Scientist,Trilochan_Mohapatra,Q45264158,male,62,,2017.0
Scientist,Trinh_Xuan_Thuan,Q348235,male,76,,2007.0
Scientist,Tripti_Bhattacharya,Q56417584,female,0,,2022.0
Scientist,Trish_Corner,Q55584499,female,0,,2018.0
Scientist,Trish_Fraser,Q100442541,female,0,,2022.0
Scientist,Trisha_Greenhalgh,Q18921809,female,65,,2015.0
Scientist,Trista_Vick-Majors,Q24885282,female,0,,2016.0
Scientist,Tristan_Bekinschtein,Q83688784,male,0,,2020.0
Scientist,Tristan_Needham,Q11000497,male,0,,2006.0
Scientist,Tristan_Rivière,Q15851542,male,57,,2016.0
Scientist,Tristram_Seidler,Q57242653,male,0,,2018.0
Scientist,Tristram_Wyatt,Q23729168,male,68,,2019.0
Scientist,Troels_Jørgensen,Q7844943,male,0,,2011.0
Scientist,Trofim_Lysenko,Q294234,male,78,,2002.0
Scientist,Trond_Helge_Torsvik,Q47128703,male,67,,2016.0
Scientist,Troy_Carter_(physicist),Q77519838,male,51,,2020.0
Scientist,Troy_Duster,Q7846816,male,88,,2007.0
Scientist,Troy_Van_Voorhis,Q30069774,male,48,,2017.0
Scientist,Truck_lane_restriction,Q7847174,,0,,2010.0
Scientist,Trude_Storelvmo,Q42837493,female,0,,2021.0
Scientist,Trudie_Lang,Q87763987,female,0,,2020.0
Scientist,Trudy_Mackay,Q7847286,female,72,,2008.0
Scientist,Truman_Bewley,Q7847692,male,83,,2011.0
Scientist,Trygve_Braarud,Q32250,male,82,,2009.0
Scientist,Trygve_Helgaker,Q3369868,male,0,,2005.0
Scientist,Trygve_Reenskaug,Q92936,male,94,,2005.0
Scientist,Trần_Thanh_Vân_(physicist),Q10829477,male,88,,2021.0
Scientist,Ts'ao_Yung-ho,Q7849275,male,94,,2009.0
Scientist,Tsachik_Gelander,Q99857426,male,0,,2021.0
Scientist,Tsachy_Weissman,Q29387739,male,0,,2017.0
Scientist,Tsai-Fan_Yu,Q16017940,female,0,,2014.0
Scientist,Tse_Wen_Chang,Q30089936,male,77,,2017.0
Scientist,Tsetsegjargal_Tseden,Q105659287,female,0,,2021.0
Scientist,Tsiang_Tingfu,Q697747,male,70,,2006.0
Scientist,Tsien_Hsue-sen,,,0,,2003.0
Scientist,Tsien_Tsuen-hsuin,Q19801173,male,0,,2014.0
Scientist,Tsit_Yuen_Lam,Q1644671,male,0,,2013.0
Scientist,Tsitsino_Shurgaya,Q7849791,female,0,,2010.0
Scientist,Tso-Ping_Ma,Q9006057,male,76,,2020.0
Scientist,Tsui_Lap-chee,,,0,,2014.0
Scientist,Tsunamitsu_Adachi,Q3542427,male,0,,2008.0
Scientist,Tsuneko_Okazaki,Q460940,female,91,,2006.0
Scientist,Tsuneo_Tamagawa,Q374889,male,0,,2006.0
Scientist,Tsung-Dao_Lee,Q183679,male,98,,2003.0
Scientist,Tsutomu_Katsuki,Q78172356,male,68,,2019.0
Scientist,Tsutomu_Miyasaka,Q41222044,male,71,,2019.0
Scientist,Tsutomu_Miyasaka,Q56027714,,71,,2019.0
Scientist,Tsutomu_Seki,Q453649,male,0,,2004.0
Scientist,Tsvi_Piran,Q6604676,male,75,,2011.0
Scientist,Tu_Mingjing,Q47671267,male,91,,2019.0
Scientist,Tu_Shandong,Q84119584,male,0,,2020.0
Scientist,Tu_Shou'e,Q11043400,male,95,,2017.0
Scientist,Tu_Youyou,Q462843,female,94,,2011.0
Scientist,Tuan_Vo-Dinh,Q3541755,male,76,,2008.0
Scientist,Tudor_Edwards,Q20732635,male,56,,2017.0
Scientist,Tudor_Ganea,Q3710135,male,102,,2006.0
Scientist,Tugkan_Batu,,,0,,
Scientist,Tuija_Pulkkinen,Q11898457,female,0,,2019.0
Scientist,Tulika_Bose,Q96361626,female,0,,2020.0
Scientist,Tulio_de_Oliveira,Q30650397,male,0,,2021.0
Scientist,Tulle_Hazelrigg,Q107119446,female,0,,2021.0
Scientist,Tullio_Levi-Civita,Q353438,male,68,,2004.0
Scientist,Tullio_Pozzan,Q55234642,male,73,,2018.0
Scientist,Tullio_Regge,Q1394712,male,83,,2005.0
Scientist,Tullis_Onstott,Q91285867,male,69,,2007.0
Scientist,Tumani_Corrah,Q59306043,male,0,,2018.0
Scientist,Tung_Jeong,Q20985237,male,84,,2015.0
Scientist,Tuomas_Knowles,Q56481348,male,0,,2020.0
Scientist,Tuomo_Suntola,Q3433756,male,0,,2016.0
Scientist,Turaga_Desiraju,Q28823509,male,89,,2017.0
Scientist,Turgay_Uzer,Q7854885,male,72,,2006.0
Scientist,Turhan_Erdoğan,Q60524116,male,81,,2019.0
Scientist,Turi_King,Q28233509,female,55,,2017.0
Scientist,Turiel,Q7854938,,0,,2005.0
Scientist,Tushar_Kanti_Chakraborty,Q27922259,male,67,,2016.0
Scientist,Tuval_Foguel,Q19663920,male,0,,2015.0
Scientist,Tuvia_Friling,Q7857143,male,71,,2008.0
Scientist,Twila_Moon,Q58066183,female,0,,2022.0
Scientist,Twiley_Barker,Q104109536,male,83,,2020.0
Scientist,Twistor_string_theory,Q16937337,,0,,2013.0
Scientist,Tyler_Jacks,Q7860044,male,0,,2009.0
Scientist,Tyler_Nordgren,Q29167927,male,55,,2017.0
Scientist,Tyler_VanderWeele,Q56363392,male,0,,2019.0
Scientist,Tyler_Volk,Q3546039,male,0,,2005.0
Scientist,Tyra_Wolfsberg,Q93091416,female,0,,2022.0
Scientist,Tyrone_Cannon,Q63431904,male,0,,2019.0
Scientist,Tze_Leung_Lai,Q59747239,male,79,,2020.0
Scientist,Tércio_Pacitti,Q7862222,male,86,,2010.0
Scientist,Tülay_Adalı,Q20150001,female,0,,2015.0
Scientist,Türkan_Haliloğlu,Q89144117,female,0,,2020.0
Scientist,Türkan_Rado,Q1313940,female,92,,2018.0
Scientist,U._B._Desai,Q7863512,male,0,,2010.0
Scientist,U._C._Chaturvedi,Q28842125,male,85,,2017.0
Scientist,U._Diane_Buckingham,Q22958182,female,0,,2016.0
Scientist,Ubaidur_Rahman,Q28223478,male,0,,2016.0
Scientist,Ubirajara_Ribeiro_Martins,Q18818842,male,83,,2015.0
Scientist,Uché_Blackstock,Q40082969,female,0,,2020.0
Scientist,Udai_Bhan_Tewari,Q7876876,male,80,,2011.0
Scientist,Uday_Maitra,Q27942264,male,0,,2016.0
Scientist,Udayraj_Khanal,Q26465586,male,69,,2016.0
Scientist,Uddhab_Bharali,Q11148669,male,62,,2012.0
Scientist,Udi_Manber,Q2903143,male,0,,2004.0
Scientist,Udny_Yule,Q991476,male,80,,2004.0
Scientist,Udo_Max_Hollrung,Q1585669,male,79,,2024.0
Scientist,Uduak_Archibong,Q87211920,female,0,,2020.0
Scientist,Udupi_Ramachandra_Rao,Q7877236,male,85,,2005.0
Scientist,Ueli_Aebi,Q14594735,male,0,,2013.0
Scientist,Ueli_Schibler,Q28147593,male,77,,2015.0
Scientist,Uffe_Haagerup,Q1510753,male,66,,2015.0
Scientist,Ugo_A._Perego,Q7877847,male,0,,2010.0
Scientist,Ugo_Amaldi_(mathematician),Q982393,male,82,,2017.0
Scientist,Ugo_Broggi,Q4002852,male,85,,2021.0
Scientist,Ugo_Cerletti,Q2706353,male,86,,2004.0
Scientist,Ugo_Fano,Q709148,male,89,,2005.0
Scientist,Ugolino_Martelli,Q4002954,male,0,,2012.0
Scientist,Ujjwal_Maulik,Q42146443,male,0,,2018.0
Scientist,Ukichiro_Nakaya,Q218021,male,62,,2008.0
Scientist,Ulbo_de_Sitter,Q2179964,male,122,,2008.0
Scientist,Ulf-G._Meißner,,,0,,
Scientist,Ulf_Grenander,Q3566428,male,93,,2010.0
Scientist,Ulf_Hannerz,Q713023,male,82,,2007.0
Scientist,Ulf_Hohmann,Q97722,male,61,,2008.0
Scientist,Ulf_von_Euler,Q237142,male,78,,2004.0
Scientist,Ulisse_Aldrovandi,Q321358,male,83,,2005.0
Scientist,Ulisse_Dini,Q707148,male,73,,2003.0
Scientist,Ulisse_Quadri,,,0,,2016.0
Scientist,Ulisse_Stefanelli,Q59903350,male,0,,2022.0
Scientist,Ulisses_Braga_Neto,Q102360848,,53,,2016.0
Scientist,Ulisses_Braga_Neto,Q26702552,male,53,,2016.0
Scientist,Ulla_Mitzdorf,Q14790615,female,80,,2013.0
Scientist,Ullica_Segerstråle,Q56641638,female,79,,2018.0
Scientist,Ulric_Neisser,Q62895,male,96,,2005.0
Scientist,Ulrich_Bonnell_Phillips,Q7879793,male,57,,2023.0
Scientist,Ulrich_Görtz,Q102279490,male,0,,2021.0
Scientist,Ulrich_Hagen,Q7879815,male,82,,2007.0
Scientist,Ulrich_Hofmann,Q1268641,male,121,,2022.0
Scientist,Ulrich_Jakobus,Q29387185,male,0,,2017.0
Scientist,Ulrich_K._Laemmli,Q13365499,male,0,,2010.0
Scientist,Ulrich_Kirchner,,,0,,
Scientist,Ulrich_Kohlenbach,Q7879836,male,62,,2008.0
Scientist,Ulrich_Kortz,Q7879837,male,61,,2012.0
Scientist,Ulrich_Kutschera,Q1779160,male,69,,2012.0
Scientist,Ulrich_Köhler,Q84560,male,0,,2010.0
Scientist,Ulrich_Muller,,,0,,
Scientist,Ulrich_P._Strauss,Q110911228,male,95,,2022.0
Scientist,Ulrich_Pinkall,Q15455557,male,0,,2019.0
Scientist,Ulrich_Schwaneberg,Q30158965,male,55,,2018.0
Scientist,Ulrich_Schöllkopf,Q106369,male,71,,2008.0
Scientist,Ulrich_Sigwart,Q2476727,male,83,,2011.0
Scientist,Ulrich_Stuhler,Q115398,male,0,,2011.0
Scientist,Ulrich_von_Alemann,,,0,,
Scientist,Ulrich_von_Andrian,Q7879876,male,0,,2011.0
Scientist,Ulrich_von_Wilamowitz-Moellendorff,Q61863,male,83,,2004.0
Scientist,Ulrik_Wisløff,Q7879895,male,56,,2011.0
Scientist,Ulrike_Diebold,Q21264802,female,63,,2018.0
Scientist,Ulrike_Kramm,Q61731181,female,0,,2022.0
Scientist,Ulrike_Lohmann,Q21264811,female,0,,2021.0
Scientist,Ulrike_Sattler,Q7879911,female,0,,2012.0
Scientist,Ulrike_Tillmann,Q92006,female,0,,2008.0
Scientist,Ultimate_fate_of_the_universe,Q622063,,0,,2003.0
Scientist,Ultra-high-energy_cosmic_ray,Q1770333,,0,,2004.0
Scientist,Ulysses_Prentiss_Hedrick,Q7880934,male,0,,2008.0
Scientist,Ulysses_S._Grant_IV,Q3548169,male,84,,2005.0
Scientist,Uma_Charan_Mohanty,Q28055476,male,76,,2016.0
Scientist,Uma_Chowdhry,Q7881009,female,0,,2007.0
Scientist,Uma_Lele,Q106547450,female,83,,2022.0
Scientist,Umberto_Bartocci,,,0,,
Scientist,Umberto_Colombo_(scientist),Q786339,male,0,,2013.0
Scientist,Umberto_D'Ancona,Q4003369,male,68,,2015.0
Scientist,Umberto_Laffi,Q16619217,male,85,,2020.0
Scientist,Umberto_Tachinardi,Q7881298,male,0,,2010.0
Scientist,Umberto_Veronesi,Q780378,male,91,,2006.0
Scientist,Umberto_Zannier,Q15852032,male,67,,2018.0
Scientist,Umesh_Chandra_Patra,Q19654199,male,73,,2015.0
Scientist,Umesh_Mishra,Q22006945,male,0,,2015.0
Scientist,Umesh_Varshney,Q27663064,male,67,,2016.0
Scientist,Umesh_Vazirani,Q92805,male,0,,2006.0
Scientist,Umetaro_Suzuki,Q3369717,male,150,,2004.0
Scientist,Umit_Catalyurek,Q29266706,male,0,,2023.0
Scientist,Umit_Cizre,,,0,,2014.0
Scientist,Umran_Inan,Q7881794,male,74,,2007.0
Scientist,Umut_Özkirimli,Q6048963,male,0,,2023.0
Scientist,Una-May_O'Reilly,Q99335828,female,0,,2020.0
Scientist,Una_Martin,Q62719003,female,0,,2019.0
Scientist,Underwood_Dudley,Q536384,male,0,,2003.0
Scientist,Undurti_Narasimha_Das,Q28870719,male,74,,2017.0
Scientist,Unidan,Q15982331,male,38,,2014.0
Scientist,United_Kingdom_mines_and_quarries_regulation_in_1910,Q7888178,,0,,2010.0
Scientist,University_College_Hospital_Medical_School,,,0,,2016.0
Scientist,University_of_the_Saarland,,,0,,2013.0
Scientist,Unni_Wikan,Q6979704,female,80,,2006.0
Scientist,Unoma_Ndili_Okorafor,Q55636733,,0,,2018.0
Scientist,Updesh_Kumar,Q27063055,male,0,,2016.0
Scientist,Upendranath_Brahmachari,Q7898254,male,73,,2005.0
Scientist,Upinder_Singh_Bhalla,Q27734992,male,61,,2016.0
Scientist,Upmanu_Lall,Q57412856,male,0,,2022.0
Scientist,Uppsala-ESO_Survey_of_Asteroids_and_Comets,,,0,,2005.0
Scientist,Uppsala_Southern_Schmidt_Telescope,Q3552098,,0,,2008.0
Scientist,Upulie_Divisekera,Q23068005,female,0,,2018.0
Scientist,Uraina_Clark,Q55861216,female,0,,2020.0
Scientist,Urbain_Hémard,Q22248547,male,-432,,2021.0
Scientist,Urbain_Le_Verrier,Q104154,male,66,,2003.0
Scientist,Urbain_de_Vandenesse,Q2500137,male,0,,2016.0
Scientist,Uri_Alon,Q7900508,male,0,,2011.0
Scientist,Uri_Alon,Q88394935,,0,,2011.0
Scientist,Uri_Banin,Q42731052,male,0,,2019.0
Scientist,Uri_Fixman,,,0,,
Scientist,Uri_Shaked,Q28922026,male,81,,2019.0
Scientist,Uri_Zwick,Q30726757,male,0,,2017.0
Scientist,Urie_Bronfenbrenner,Q643339,male,88,,2005.0
Scientist,Urie_Bronfenbrenner,Q65210388,,88,,2005.0
Scientist,Uriel_Feige,Q92817,male,0,,2009.0
Scientist,Uriel_Rothblum,Q28777453,male,65,,2017.0
Scientist,Uros_Seljak,,,0,,2011.0
Scientist,Uroš_Seljak,Q7901082,male,58,,2011.0
Scientist,Urs_A._Meyer,Q14623733,male,0,,2013.0
Scientist,Urs_Hölzle,Q7901133,male,0,,2006.0
Scientist,Urs_Jenal,Q14565889,male,0,,2013.0
Scientist,Urs_Leupold,Q18926921,male,0,,2014.0
Scientist,Urs_Peter_Haemmerli,,,0,,
Scientist,Ursel_Bangert,Q104745086,female,0,,2021.0
Scientist,Ursula_Bassler,Q57087709,female,0,,2018.0
Scientist,Ursula_Bellugi,Q7901222,female,91,,2009.0
Scientist,Ursula_Cheer,Q50385994,female,0,,2018.0
Scientist,Ursula_Franklin,Q77729,female,95,,2004.0
Scientist,Ursula_Gibson,Q44285979,female,0,,2019.0
Scientist,Ursula_Goodenough,Q3552485,female,81,,2006.0
Scientist,Ursula_Hamenstädt,Q1296815,female,0,,2014.0
Scientist,Ursula_Keller,Q1340732,female,65,,2017.0
Scientist,Ursula_Klein,Q21264823,female,0,,2016.0
Scientist,Ursula_Martin__Ursula_Martin__1,,,71,,
Scientist,Ursula_Marvin,Q7901220,female,97,,2013.0
Scientist,Ursula_McConnel,Q7901259,female,69,,2009.0
Scientist,Ursula_Molter,,,0,,
Scientist,Ursula_Röthlisberger,Q58685998,female,0,,2019.0
Scientist,Ursula_Șchiopu,Q7901288,female,97,,2012.0
Scientist,Urtė_Neniškytė,Q38325956,female,41,,2019.0
Scientist,Usama_Fayyad,Q3552533,male,0,,2012.0
Scientist,Uschi_Steigenberger,Q59771488,female,67,,2018.0
Scientist,Usha_Goswami,Q18009220,female,64,,2014.0
Scientist,Usha_Kehar_Luthra,Q18357516,female,0,,2014.0
Scientist,Usha_Kulshreshtha,Q87515665,female,60,,2020.0
Scientist,Usha_Ranjan_Ghatak,Q27881501,male,74,,2016.0
Scientist,Usha_Varanasi,Q48806419,female,0,,2017.0
Scientist,Usha_Vijayaraghavan,Q16194382,female,0,,2014.0
Scientist,Usog,Q7902079,,0,,2005.0
Scientist,Uta_Frith,Q8219,female,83,,2006.0
Scientist,Uta_Fritze-von_Alvensleben,Q1563860,female,0,,2020.0
Scientist,Uta_Klement,Q56354573,female,62,,2018.0
Scientist,Utako_Okamoto,Q24294379,female,98,,2016.0
Scientist,Ute_Müller-Doblies,Q6158207,female,0,,2016.0
Scientist,Utpal_Banerjee,Q7902972,male,0,,2010.0
Scientist,Utpal_S._Tatu,Q47088648,male,60,,2018.0
Scientist,Uttamchand_Khimchand_Sheth,Q28794021,male,80,,2024.0
Scientist,Uvo_Hoelscher,,,0,,
Scientist,Uwe_B._Sleytr,Q50669270,male,82,,2021.0
Scientist,Uwe_Jannsen,Q2504324,male,0,,2018.0
Scientist,Uwe_Marx,Q30102929,male,60,,2017.0
Scientist,Uwe_Reinhardt,Q7903924,male,80,,2006.0
Scientist,Uwe_Windhorst,Q7903957,male,0,,2010.0
Scientist,Uzi_Vishkin,Q7905027,male,0,,2009.0
Scientist,Uğur_Ersoy,Q16093135,male,0,,2014.0
Scientist,V.K.R.V._Rao,,,0,,2006.0
Scientist,V._Adimurthy,Q7905984,male,78,,2012.0
Scientist,V._Albitzkij,,,0,,2012.0
Scientist,V._Balakrishnan_(physicist),Q7906000,male,0,,2006.0
Scientist,V._Bhaskar,Q30071963,male,55,,2020.0
Scientist,V._C._Wynne-Edwards,Q1934589,male,91,,2005.0
Scientist,V._Craig_Jordan,Q7906022,male,77,,2006.0
Scientist,V._Frederick_Rickey,Q31781751,male,83,,2017.0
Scientist,V._Ishwaraiah,Q7906053,male,0,,2009.0
Scientist,V._K._Aatre,Q7906062,male,0,,2007.0
Scientist,V._K._Dadhwal,Q28151719,male,67,,2017.0
Scientist,V._K._Garg,Q90558393,male,0,,2022.0
Scientist,V._K._Patodi,,,0,,2008.0
Scientist,V._K._Samaranayake,Q3534746,male,68,,2007.0
Scientist,V._Kumar_Murty,Q2804852,male,0,,2012.0
Scientist,V._László,,,0,,
Scientist,V._N._Krishnamurthy,Q7906139,male,87,,2008.0
Scientist,V._Narry_Kim,Q7906149,female,0,,2011.0
Scientist,V._R._Khanolkar,Q7906184,male,83,,2010.0
Scientist,V._R._Prabodhachandran_Nayar,Q7906190,male,86,,2012.0
Scientist,V._S._Huzurbazar,Q7906216,male,72,,2009.0
Scientist,V._S._Ramachandran,Q380221,male,73,,2004.0
Scientist,V._S._Sangwan,Q29054117,male,60,,2017.0
Scientist,V._S._Sunder,Q16151988,male,72,,2013.0
Scientist,V._S._Vijayan,Q23023098,male,0,,2016.0
Scientist,V._Sasisekharan,Q27063578,male,91,,2016.0
Scientist,V._Srinivasan,Q16977093,male,80,,2014.0
Scientist,V_S_Rama_Das,Q20010337,male,77,,2022.0
Scientist,Vachagan_Khalatyan,Q13054968,male,72,,2015.0
Scientist,Vaclav_Smil,Q528111,male,0,,2009.0
Scientist,Vadapalli_Chandrasekhar,Q27924806,male,66,,2016.0
Scientist,Vadim_Berezinskii,Q27094155,male,89,,2016.0
Scientist,Vadim_Kaloshin,Q21531568,male,0,,2015.0
Scientist,Vadim_Kuzmin_(physicist),Q1711913,male,87,,2013.0
Scientist,Vadim_Malyshev,,,0,,
Scientist,Vadim_Utkin,Q64500353,male,85,,2019.0
Scientist,Vadym_Adamyan,Q4057382,male,86,,2009.0
Scientist,Vadym_Kaydash,Q89188826,male,0,,2020.0
Scientist,Vadym_Rubel,Q4399043,male,58,,2012.0
Scientist,Vadym_Slyusar,Q61375941,male,60,,2020.0
Scientist,Vagif_Sultanli,Q12847171,male,66,,2019.0
Scientist,Vagn_Walfrid_Ekman,Q178916,male,80,,2004.0
Scientist,Vahakn_Dadrian,Q1399635,male,93,,2005.0
Scientist,Vahe_Gurzadyan,Q7908606,male,69,,2011.0
Scientist,"Vaisala,_Y.",,,0,,2008.0
Scientist,Vaishali_Katju,,,0,,
Scientist,Vaklush_Tolev,Q17409993,male,90,,2015.0
Scientist,Val_Curtis,Q15994798,female,66,,2014.0
Scientist,Val_Logsdon_Fitch,Q206499,male,92,,2003.0
Scientist,Val_Murray_Runge,Q15431161,male,68,,2013.0
Scientist,Val_Tannen,,,0,,2023.0
Scientist,Val_Worthington,Q104704727,male,75,,2020.0
Scientist,Valdar_Jaanusson,Q21393092,,-25,,2017.0
Scientist,Valdivia_culture,Q1755426,,0,,2004.0
Scientist,Valentin_Aleskovsky,Q21088213,male,94,,2016.0
Scientist,Valentin_Alfredovich_Franke,Q105952475,male,98,,2023.0
Scientist,Valentin_Belousov,Q12742990,male,63,,2016.0
Scientist,Valentin_Bianchi,Q2344256,male,167,,2010.0
Scientist,Valentin_Blattner,Q15040882,male,0,,2013.0
Scientist,Valentin_Braitenberg,,,0,,2005.0
Scientist,Valentin_Ceaușescu,Q586574,male,76,,2006.0
Scientist,Valentin_Dogiel,Q2406712,male,-69,,2015.0
Scientist,Valentin_Fabrikant,Q4480325,male,84,,2018.0
Scientist,Valentin_Fedorovich_Khokhryakov,Q112937396,male,96,,2023.0
Scientist,Valentin_Golodets,,,0,,
Scientist,Valentin_Goranko,Q101423786,male,65,,2020.0
Scientist,Valentin_Katasonov,Q26133514,male,74,,2021.0
Scientist,Valentin_Koptyug,Q4232438,male,66,,2015.0
Scientist,Valentin_Parmon,Q4345609,male,0,,2016.0
Scientist,Valentin_Peschansky,,,0,,
Scientist,Valentin_Pokrovsky,Q4369291,male,91,,2018.0
Scientist,Valentin_Poénaru,Q1386168,male,0,,2006.0
Scientist,Valentin_Rumyantsev,Q4400066,male,86,,2008.0
Scientist,Valentin_Skvortsov,,,0,,
Scientist,Valentin_Stansel,Q7910813,male,-319,,2008.0
Scientist,Valentin_Turchin,Q4466506,male,79,,2005.0
Scientist,Valentin_Vornicu,Q7910833,male,0,,2007.0
Scientist,Valentina_Durán_Medina,Q60329976,female,0,,2018.0
Scientist,Valentina_Gorinevskaya,Q19868656,female,0,,2017.0
Scientist,Valentina_Greco,Q71611924,female,0,,2019.0
Scientist,Valentina_Harizanov,Q7910869,female,0,,2009.0
Scientist,Valentina_Pavlovna_Wasson,Q59179305,female,-66,,2018.0
Scientist,Valentine_Bargmann,Q215977,male,0,,2006.0
Scientist,Valentine_Kabanets,,,0,,
Scientist,Valentine_Naibod,,,0,,2008.0
Scientist,Valentine_Telegdi,Q672378,male,84,,2006.0
Scientist,Valentino_Braitenberg,Q314276,male,85,,2005.0
Scientist,Valentyn_Serdyuk,Q12152285,male,79,,2016.0
Scientist,Valentyna_Melnyk,Q50380540,female,0,,2018.0
Scientist,Valeria_Pulignano,Q64604845,female,56,,2019.0
Scientist,Valeria_Sinclair-Chapman,Q81667934,female,0,,2020.0
Scientist,Valeria_Souza,Q42685553,female,0,,2020.0
Scientist,Valeria_de_Paiva,Q20731777,female,0,,2015.0
Scientist,Valerie_A._Fitzhugh,Q96288810,female,0,,2020.0
Scientist,Valerie_Barr,Q30303031,female,0,,2017.0
Scientist,Valerie_Beral,Q4793379,female,76,,2008.0
Scientist,Valerie_Daggett,Q7911257,female,0,,2007.0
Scientist,Valerie_E._Stone,Q95949575,female,0,,2020.0
Scientist,Valerie_Flint,Q7911265,female,73,,2010.0
Scientist,Valerie_Gibson,Q52450677,female,0,,2018.0
Scientist,Valerie_Halyo,,,0,,
Scientist,Valerie_Hu,Q15429110,female,0,,2013.0
Scientist,Valerie_Isham,Q7911289,female,0,,2011.0
Scientist,Valerie_Jane_Bunce,Q83815753,female,0,,2020.0
Scientist,Valerie_King,Q18753788,female,0,,2015.0
Scientist,Valerie_Masson-Delmotte,Q3554288,female,0,,2016.0
Scientist,Valerie_May,Q21520164,female,101,,2020.0
Scientist,Valerie_Mizrahi,Q22006961,female,0,,2015.0
Scientist,Valerie_Paul,Q56222513,female,0,,2018.0
Scientist,Valerie_Purdie_Greenaway,Q77814457,female,0,,2019.0
Scientist,Valerie_Saena_Tuia,Q55584365,female,0,,2018.0
Scientist,Valerie_Sheares_Ashby,Q23888367,female,0,,2024.0
Scientist,Valerie_Speirs,Q46110266,female,0,,2018.0
Scientist,Valerie_Taylor_(computer_scientist),Q20675741,female,61,,2015.0
Scientist,Valerie_Thomas,Q113211732,female,81,,2011.0
Scientist,Valerie_Thomas,Q21469,female,81,,2011.0
Scientist,Valerie_Wojna,Q37369055,female,0,,2021.0
Scientist,Valerii_Vinokour,Q60828273,male,75,,2023.0
Scientist,Valerio_Pascucci,Q97933367,male,57,,2020.0
Scientist,Valerius_Coucke,Q7911425,male,63,,2010.0
Scientist,Valerius_Geist,Q7911428,male,83,,2010.0
Scientist,Valeriy_Feliksovych_Ivanov,Q12073725,male,63,,
Scientist,Valeriy_Igoshev,Q19900539,male,68,,2015.0
Scientist,Valeriy_Kostyuk,Q4235655,male,0,,2016.0
Scientist,Valeriy_Kurinskyi,Q4248398,male,0,,2020.0
Scientist,Valeriy_Smoliy,Q3661512,male,74,,2016.0
Scientist,Valeriy_Zyuganov,Q7911456,male,69,,2011.0
Scientist,Valeriya_Golubtsova,Q4142583,female,86,,2022.0
Scientist,Valery_Chalidze,Q1458543,male,80,,2007.0
Scientist,Valery_Durov,Q4171104,male,79,,2016.0
Scientist,Valery_Glivenko,Q321515,male,44,,2009.0
Scientist,Valery_Godyak,Q2508941,male,83,,2020.0
Scientist,Valery_Legasov,Q377461,male,88,,2006.0
Scientist,Valery_Leibin,Q4257388,male,82,,2010.0
Scientist,Valery_Pokrovsky,Q1372925,male,93,,2008.0
Scientist,Valery_Rubakov,Q2542140,male,67,,2018.0
Scientist,Valery_Senderov,Q15079483,male,69,,2014.0
Scientist,Valery_Shmukler,Q18572882,male,78,,2015.0
Scientist,Valery_Shumakov,Q4527675,male,77,,2008.0
Scientist,Valery_Soyfer,Q24006829,male,88,,2016.0
Scientist,Valery_Taliev,Q4450416,male,60,,2021.0
Scientist,Valery_Tishkov,Q4458856,male,0,,2006.0
Scientist,Valery_Troitskaya,Q4463426,female,93,,2010.0
Scientist,Valeska_Zambra,Q101578914,female,30,,2021.0
Scientist,Valiya_Hamza,Q7911729,male,83,,2011.0
Scientist,Vallam_Sundar,Q7911814,male,71,,2013.0
Scientist,Valter_Axelsson,Q28231476,male,100,,2016.0
Scientist,Valter_Longo,Q3554167,male,57,,2011.0
Scientist,Valter_Schytt,Q6170428,male,66,,2015.0
Scientist,Valérie_Igounet,Q3554270,female,0,,2020.0
Scientist,Van_C._Mow,Q7913229,male,85,,2010.0
Scientist,"Van_Gent,_H.",,,0,,2009.0
Scientist,Van_H._Vu,Q1315961,male,0,,2009.0
Scientist,Van_Rensselaer_Potter,Q1926153,male,90,,2004.0
Scientist,Van_Zandt_Williams,Q7913790,male,0,,2009.0
Scientist,Vance_Faber,Q7914027,male,80,,2008.0
Scientist,Vance_Haynes,Q7914032,male,96,,2010.0
Scientist,Vanderlan_da_Silva_Bolzani,Q10389048,female,75,,2019.0
Scientist,Vandi_Verma,Q61643125,female,0,,2019.0
Scientist,Vaneet_Aggarwal,,,0,,2023.0
Scientist,Vanesa_Magar_Brunner,Q55760555,female,53,,2018.0
Scientist,Vanessa_Barrs,Q18395232,female,0,,2014.0
Scientist,Vanessa_Colella,,,0,,
Scientist,Vanessa_Ezenwa,Q87906176,female,0,,2021.0
Scientist,Vanessa_Green,Q50380479,female,0,,2018.0
Scientist,Vanessa_Grubbs,Q56477183,female,0,,2018.0
Scientist,Vanessa_Hayes,Q17541303,female,0,,2014.0
Scientist,Vanessa_M._Hirsch,Q88718584,female,0,,2020.0
Scientist,Vanessa_Martin,Q101251427,female,78,,2020.0
Scientist,Vanessa_Peterson,Q59533158,female,0,,2022.0
Scientist,Vanessa_Ruta,Q29447213,female,0,,2017.0
Scientist,Vanessa_Smer_(13),,,0,,
Scientist,Vanessa_Sperandio,Q92229542,female,54,,2022.0
Scientist,Vanessa_Wood,Q53298649,female,41,,2022.0
Scientist,Vania_Jordanova,Q67234241,female,0,,2021.0
Scientist,Vannevar_Bush,Q299595,male,84,,2001.0
Scientist,Varadaraja_V._Raman,Q7915388,male,92,,2009.0
Scientist,Varavudh_Suteethorn,Q21388457,male,76,,2018.0
Scientist,Varda_Shalev,Q65251653,female,0,,2021.0
Scientist,Varghese_Mathai,Q7915656,male,0,,2005.0
Scientist,Varinder_Aggarwal,Q18574853,male,0,,2016.0
Scientist,Varun_Sahni,Q42248596,male,68,,2017.0
Scientist,Varun_Sivaram,Q27916436,male,0,,2016.0
Scientist,Varvara_Savelieva,Q12149962,female,88,,2017.0
Scientist,Vasant_Dhar,Q7916324,male,0,,2012.0
Scientist,Vasant_Honavar,Q7916327,male,0,,2005.0
Scientist,Vasant_Narasimhan,Q38589106,male,48,,2017.0
Scientist,Vasco_M._Tanner,Q20675737,male,97,,2015.0
Scientist,Vasil_Garnizov,Q20501050,male,66,,2019.0
Scientist,Vasila_Hajiyeva,Q43399603,female,55,,2017.0
Scientist,Vasile_Pușcaș,Q348808,male,72,,2008.0
Scientist,Vasile_Pârvan,Q2534833,male,45,,2005.0
Scientist,Vasili_Tsinger,,,0,,
Scientist,Vasilii_Goncharov,,,0,,
Scientist,Vasilii_Kolesov,Q4227847,male,88,,2017.0
Scientist,Vasilij_G._Shevchenko,Q12171477,male,0,,2020.0
Scientist,Vasiliki_Pavlidou,Q57974159,female,0,,2021.0
Scientist,Vasily_Astratov,Q16890502,male,0,,2014.0
Scientist,Vasily_Danilewsky,Q4154576,male,87,,2014.0
Scientist,Vasily_Denisov,Q53996689,male,73,,2018.0
Scientist,Vasily_Dokuchaev,Q319386,male,57,,2004.0
Scientist,Vasily_Evgrafovich_Yakovlev,Q7972773,male,0,,2023.0
Scientist,Vasily_Iskovskih,,,0,,
Scientist,Vasily_Ivanovich_Aksyonov,Q51668617,male,67,,2023.0
Scientist,Vasily_Klyuchevsky,Q379584,male,70,,2005.0
Scientist,Vasily_Kravkov,Q17617410,male,61,,2015.0
Scientist,Vasily_Krylov,Q28664755,male,71,,2017.0
Scientist,Vasily_Leonidovitch_Omelianski,Q4334631,male,61,,2023.0
Scientist,Vasily_Malinovsky,Q4277938,male,0,,2009.0
Scientist,Vasily_Ruzhentsev,Q4399810,male,79,,2009.0
Scientist,Vasily_Sergeevich_Nemchinov,Q1057289,male,70,,2023.0
Scientist,Vasily_Stroganov,Q7916808,male,-86,,2011.0
Scientist,Vasily_Vladimirov,Q926756,male,89,,2009.0
Scientist,Vasily_Vladimirovich_Shuleikin,Q4527493,male,84,,2023.0
Scientist,Vasim_Mammadaliyev,Q7916819,male,77,,2012.0
Scientist,Vassil_Tzankov,Q12274857,male,81,,2017.0
Scientist,Vassilii_Czernajew,Q2025548,male,77,,2022.0
Scientist,Vassilios_Lakon,Q12874504,male,0,,2022.0
Scientist,Vassilis_Hajivassiliou,,,0,,
Scientist,Vassilis_Pachnis,Q44356786,male,0,,2018.0
Scientist,Vassya_Bankova,Q47437875,female,0,,2018.0
Scientist,Vasudevan_Srinivas,Q14495322,male,66,,2013.0
Scientist,Vasundara_Varadan,Q66385036,female,0,,2019.0
Scientist,Vatroslav_Jagić,Q560132,male,85,,2004.0
Scientist,Vaughan_Jones,Q369638,male,68,,2004.0
Scientist,Vaughan_Pratt,Q7917308,male,80,,2005.0
Scientist,Vedat_Şar,Q30223641,male,0,,2017.0
Scientist,Vedika_Khemani,Q89438822,female,0,,2020.0
Scientist,Veena_Dubal,Q74528318,female,0,,2019.0
Scientist,Veena_Parnaik,Q18358499,female,0,,2014.0
Scientist,Veena_Rawat,Q7918078,female,0,,2010.0
Scientist,Veena_Sahajwalla,Q18166315,female,0,,2014.0
Scientist,Veerabhadran_Ramanathan,Q670496,male,80,,2008.0
Scientist,Veerambakkam_Srinivasan_Ramachandran,Q21606912,male,71,,2021.0
Scientist,Veeravalli_S._Varadarajan,Q7918205,male,82,,2011.0
Scientist,Vegard_Skirbekk,Q16213168,male,0,,2013.0
Scientist,Vehicle_electrification,Q7918432,,0,,2009.0
Scientist,Veikko_Aleksanteri_Heiskanen,Q322549,male,0,,2004.0
Scientist,Vela_Velupillai,Q7918768,male,77,,2010.0
Scientist,Veli_Räsänen,Q11900845,male,65,,2021.0
Scientist,Velma_McBride_Murry,Q29447412,female,0,,2017.0
Scientist,Velmer_A._Fassel,Q7919243,male,79,,2008.0
Scientist,Velva_E._Rudd,Q6160123,female,-25,,2018.0
Scientist,Velvl_Greene,Q54932500,male,83,,2018.0
Scientist,Venancio_Deulofeu,,,0,,
Scientist,Venedikt_Dzhelepov,Q4160133,male,86,,2007.0
Scientist,Veniamin_Iosifovich_Goldfarb,Q78347084,male,78,,2019.0
Scientist,Veniamin_Kagan,Q929950,male,0,,2021.0
Scientist,Veniamin_Levich,Q6273960,male,70,,2008.0
Scientist,Venigalla_Rao,Q42612513,male,0,,2022.0
Scientist,Venkat_Chandrasekaran,Q17514372,male,0,,2014.0
Scientist,Venkat_Rangan,,,0,,2019.0
Scientist,Venkata_Padmanabhan,Q28756439,male,0,,2017.0
Scientist,Venkatachalam_Ramaswamy,Q22279883,male,0,,2015.0
Scientist,Venkatesan_Guruswami,Q7920088,male,0,,2008.0
Scientist,Venkatesh_K._R._Kodur,Q35488044,male,0,,2017.0
Scientist,Venkatesh_Narayanamurti,Q55264039,male,0,,2018.0
Scientist,Venkatraman_Radhakrishnan,Q3521431,male,82,,2005.0
Scientist,Ventsislav_Mutafchiyski,Q57312770,male,60,,2020.0
Scientist,Vera_Afanasyeva,Q30346650,female,0,,2018.0
Scientist,Vera_Byers,Q15429399,female,0,,2013.0
Scientist,Vera_Charles,Q16750975,female,77,,2014.0
Scientist,Vera_Kistiakowsky,Q15074356,female,93,,2013.0
Scientist,Vera_Meyer,Q37830643,female,0,,2019.0
Scientist,Vera_Mulyani,Q27062974,female,0,,2016.0
Scientist,Vera_Nikodem,Q108197479,female,-6,,2021.0
Scientist,Vera_Nikolaevna_Maslennikova,Q7920811,female,98,,2012.0
Scientist,Vera_Pawlowsky-Glahn,Q19665082,female,73,,2014.0
Scientist,Vera_Peters,Q17078599,female,82,,2012.0
Scientist,Vera_Rubin,Q234888,female,88,,2004.0
Scientist,Vera_Silva,Q62057651,female,0,,2019.0
Scientist,Vera_Simons,Q70096624,female,92,,2019.0
Scientist,Vera_T._Sós,Q460044,female,94,,2009.0
Scientist,Vera_Troeger,Q88587521,female,0,,2020.0
Scientist,Vera_Varsanofieva,Q4103982,female,0,,2018.0
Scientist,Vera_W._de_Spinadel,Q4111539,female,88,,2017.0
Scientist,Vered_Slonim-Nevo,Q28813094,female,0,,2017.0
Scientist,Verena_Huber-Dyson,Q16089753,female,93,,2009.0
Scientist,Verena_Meyer,Q1750022,female,89,,2019.0
Scientist,Verena_Tunnicliffe,Q42665791,female,0,,2017.0
Scientist,Verina_Morton_Jones,Q19881088,female,78,,2015.0
Scientist,Verjine_Svazlian,Q21438223,female,90,,2019.0
Scientist,Vern_L._Schramm,Q7921864,male,83,,2009.0
Scientist,Vern_Paxson,Q7921876,male,0,,2004.0
Scientist,Verner_E._Suomi,Q3270314,male,80,,2006.0
Scientist,Vernon_Benjamin_Mountcastle,Q359025,male,97,,2005.0
Scientist,Vernon_Bogdanor,Q7922071,male,81,,2005.0
Scientist,Vernon_C._Gibson,Q7922081,male,66,,2006.0
Scientist,Vernon_D._Crawford,Q7922104,male,75,,2012.0
Scientist,Vernon_Dvorak,Q3108381,male,94,,2006.0
Scientist,Vernon_Ellis_Cosslett,Q3916753,male,82,,2008.0
Scientist,Vernon_Herbert_Blackman,,,0,,
Scientist,Vernon_Ingram,Q112849,male,82,,2005.0
Scientist,Vernon_K._Robbins,Q7922166,male,85,,2012.0
Scientist,Vernon_L._Scarborough,Q7922174,male,74,,2009.0
Scientist,Vernon_Lyman_Kellogg,Q3555996,male,70,,2006.0
Scientist,Vernon_Orlando_Bailey,Q34136,male,0,,2011.0
Scientist,Vernon_R._Morris,Q98961586,male,61,,2020.0
Scientist,Vernonica_Franklin-Tong,Q71099686,female,0,,2021.0
Scientist,Verona_Conway,Q79961343,female,114,,2019.0
Scientist,Veronica_Augustyn,Q88576958,female,0,,2022.0
Scientist,Veronica_Burns,Q19665063,female,110,,2015.0
Scientist,Veronica_Czitrom,Q83688803,female,0,,2020.0
Scientist,Veronica_Dahl,Q7922401,female,0,,2013.0
Scientist,Veronica_M._Bierbaum,Q112245985,,0,,2022.0
Scientist,Veronica_Rodrigues,Q18358809,female,-14,,2014.0
Scientist,Veronica_Seton-Williams,Q15994804,female,82,,2014.0
Scientist,Veronica_Vaida,Q16221615,female,74,,2013.0
Scientist,Veronica_Vallejos,Q26789242,female,0,,2016.0
Scientist,Veronica_van_Heyningen,Q7922481,female,78,,2008.0
Scientist,Veronika_Hubeny,Q30325442,female,0,,2017.0
Scientist,Veronika_Kalmus,Q24546274,female,51,,2020.0
Scientist,Veronika_Megler,Q53451993,female,64,,2020.0
Scientist,Verónica_Becher,Q48069945,female,0,,2020.0
Scientist,Vesa_Välimäki,Q29259619,male,0,,2017.0
Scientist,Vesna_Radišić,Q107808866,female,0,,2021.0
Scientist,Vesselina_Breskovska,Q3556361,female,69,,2012.0
Scientist,Vettore_Trincavelli,,,0,,2012.0
Scientist,Viacheslav_Belavkin,Q7924421,male,66,,2007.0
Scientist,Viacheslav_Belyi,Q99305211,male,75,,2020.0
Scientist,Viacheslav_V._Nikulin,Q7924430,male,0,,2010.0
Scientist,Viatcheslav_Artaev,Q83688805,male,64,,2020.0
Scientist,Viatcheslav_Mukhanov,Q1844592,male,68,,2012.0
Scientist,Vibeke_Videm,Q7924583,female,0,,2011.0
Scientist,Vibert_Douglas,Q2838289,female,94,,2024.0
Scientist,Vibjörn_Karlén,Q5900833,male,84,,2007.0
Scientist,Vicente_Muñoz,,,0,,
Scientist,Vicentino_Prestes_de_Almeida,Q7925223,male,-70,,2011.0
Scientist,Vicki_Bruce__Vicki_Bruce__1,,,71,,
Scientist,Vicki_Chen,Q70407641,female,0,,2019.0
Scientist,Vicki_Colvin,Q59750132,female,0,,2018.0
Scientist,Vicki_Funk,Q19060876,female,72,,2015.0
Scientist,Vicki_Gardiner,Q17517082,female,0,,2014.0
Scientist,Vicki_Grassian,Q55833689,female,0,,2018.0
Scientist,Vicki_Hanson,,,0,,2014.0
Scientist,Vicki_Huff,Q59617066,female,0,,2018.0
Scientist,Vicki_Karaminas,Q64623683,female,0,,2019.0
Scientist,Vicki_L._Hanson,Q18619030,female,0,,2014.0
Scientist,Vicki_Sato,Q7925441,female,0,,2013.0
Scientist,Vicki_Wysocki,Q62125064,female,0,,2019.0
Scientist,Vickie_Mays,Q111011873,female,0,,2022.0
Scientist,Vicky_Cameron,Q30303199,female,0,,2017.0
Scientist,Vicky_Clement-Jones,Q18821911,female,39,,2014.0
Scientist,Vicky_Forster,Q51120535,female,0,,2018.0
Scientist,Vicky_J._Meretsky,Q62050635,female,0,,2019.0
Scientist,Vicky_Kalogera,Q24895935,female,53,,2016.0
Scientist,Vicky_Neale,Q56063308,female,0,,2018.0
Scientist,Victor-Alphonse_Huard,Q7925640,male,76,,2007.0
Scientist,Victor-Amédée_Lebesgue,Q17423526,male,84,,2014.0
Scientist,Victor_A._Brumberg,Q713828,male,91,,2023.0
Scientist,Victor_A._McKusick,Q926001,male,87,,2004.0
Scientist,Victor_Albert_Bailey,Q7925668,male,69,,2006.0
Scientist,Victor_Allis,Q7925676,male,59,,2003.0
Scientist,Victor_Ambros__Victor_R._Ambros__1,,,71,,
Scientist,Victor_Andreevich_Toponogov,Q4460816,male,74,,2007.0
Scientist,Victor_Assad_Najjar,Q10390335,male,88,,2017.0
Scientist,Victor_Babeș,Q278216,male,72,,2004.0
Scientist,Victor_Bahl,Q18684434,male,0,,2014.0
Scientist,Victor_Balykin,Q7925708,male,77,,2010.0
Scientist,Victor_Bangert,Q7925709,male,74,,2009.0
Scientist,Victor_Blanchard_Scheffer,Q7925732,male,105,,2008.0
Scientist,Victor_Bonney,Q18811354,male,81,,2018.0
Scientist,Victor_Borisov,Q16104619,male,76,,2013.0
Scientist,Victor_Botchantsev,Q2546434,male,114,,2017.0
Scientist,Victor_Branford,Q7925749,male,67,,2013.0
Scientist,Victor_Buchstaber,Q2570007,male,0,,2006.0
Scientist,Victor_C._Twitty,Q3557215,male,66,,2012.0
Scientist,Victor_Chang,Q3557223,male,55,,2004.0
Scientist,Victor_Conrad,Q94224,male,86,,2009.0
Scientist,Victor_Denenberg,Q7925850,male,83,,2008.0
Scientist,Victor_Despeignes,Q3557263,male,71,,2016.0
Scientist,Victor_Dubowitz,Q7925867,male,93,,2012.0
Scientist,Victor_Dzau,Q2522410,male,79,,2008.0
Scientist,Victor_E._Hall,Q100938829,male,123,,2020.0
Scientist,Victor_El-Kik,Q102141626,male,0,,2020.0
Scientist,Victor_Ernest_Shelford,Q2276420,male,147,,2006.0
Scientist,Victor_Flynn,Q10536793,male,0,,2007.0
Scientist,Victor_Francis_Hess,Q78520,male,81,,2003.0
Scientist,Victor_Frederick_Weisskopf,Q441154,male,0,,2013.0
Scientist,Victor_G._Springer,Q3557321,male,96,,2006.0
Scientist,Victor_Galitski,Q63306724,male,0,,2019.0
Scientist,Victor_Gankin,Q28777455,male,79,,2017.0
Scientist,Victor_Ginzburg,Q2522358,male,0,,2008.0
Scientist,Victor_Glushkov,Q93031,male,0,,2005.0
Scientist,Victor_Goldschmidt__Victor_Moritz_Goldschmidt__1,,,59,,
Scientist,Victor_Gomoiu,Q12743387,male,78,,2016.0
Scientist,Victor_Goryunov,Q7925942,male,0,,2009.0
Scientist,Victor_Grignard,Q104582,male,64,,2004.0
Scientist,Victor_Guillemin,Q367252,male,0,,2007.0
Scientist,Victor_H._Mair,Q7925964,male,81,,2005.0
Scientist,Victor_Havin,,,0,,
Scientist,Victor_Heiser,Q22018654,male,-52,,2016.0
Scientist,Victor_Henri,Q4066893,male,68,,2008.0
Scientist,Victor_Horsley,Q1258797,male,59,,2004.0
Scientist,Victor_Ivanovich_Alyabyev,Q18044635,male,79,,2018.0
Scientist,Victor_Ivrii,Q7926027,male,75,,2011.0
Scientist,Victor_J._Stenger,Q1380183,male,79,,2006.0
Scientist,Victor_J._Torres,Q108913305,male,0,,2021.0
Scientist,Victor_Kac,Q1385427,male,81,,2006.0
Scientist,Victor_Kande,Q60735235,male,0,,2018.0
Scientist,Victor_Kandinsky,Q2030475,male,40,,2006.0
Scientist,Victor_Khain,Q1366513,male,95,,2023.0
Scientist,Victor_Klee,Q470505,male,82,,2007.0
Scientist,Victor_Kolyvagin,Q726706,male,0,,2006.0
Scientist,Victor_Krylov,Q4242761,male,0,,2011.0
Scientist,Victor_L._Butterfield,Q19520091,male,71,,2015.0
Scientist,Victor_L._Klee,,,0,,2007.0
Scientist,Victor_Loret,Q552436,male,87,,2005.0
Scientist,Victor_Malka,Q33176413,male,0,,2020.0
Scientist,Victor_Manuel_Velasco_Herrera,Q7926128,male,0,,2009.0
Scientist,Victor_Meyer,,,0,,2005.0
Scientist,Victor_Moritz_Goldschmidt,,,0,,2004.0
Scientist,Victor_Nistor,,,0,,
Scientist,Victor_Nosach,Q60618097,male,82,,2019.0
Scientist,Victor_On-kwok_Li,Q16514895,male,70,,2014.0
Scientist,Victor_P._Starr,Q44406856,male,0,,2017.0
Scientist,Victor_P._Whittaker,Q7926219,male,97,,2012.0
Scientist,Victor_Pan,Q7926225,male,0,,2008.0
Scientist,Victor_Panaretos,Q102307260,male,0,,2021.0
Scientist,Victor_Pavlovich_Protopopov,,,0,,2011.0
Scientist,Victor_Popov,Q462638,male,87,,2009.0
Scientist,Victor_Puiseux,Q951329,male,0,,2006.0
Scientist,Victor_R._Lesser,Q30945292,male,0,,2017.0
Scientist,Victor_Robertovich_Bursian,Q18404639,male,59,,2023.0
Scientist,Victor_Roytburd,,,0,,
Scientist,Victor_S._Miller,Q92893,male,0,,2006.0
Scientist,Victor_Savrin,Q18634966,male,80,,2018.0
Scientist,Victor_Schumann,Q7926329,male,183,,2009.0
Scientist,Victor_Sergeevich_Fadin,Q18686087,male,82,,2023.0
Scientist,Victor_Shestakov,Q4523291,male,0,,2008.0
Scientist,Victor_Shoup,Q7926338,male,0,,2006.0
Scientist,Victor_Skumin,Q3557581,male,76,,2014.0
Scientist,Victor_Snieckus,Q88065447,male,87,,2020.0
Scientist,Victor_Spinei,Q12743402,male,81,,2016.0
Scientist,Victor_Sterki,Q3847627,male,0,,2011.0
Scientist,Victor_Talrose,Q18218148,male,82,,2014.0
Scientist,Victor_V._Moshchalkov,Q62121472,male,72,,2022.0
Scientist,Victor_V._Solovyev,Q21061920,male,0,,2015.0
Scientist,Victor_Velculescu,Q7926425,male,54,,2007.0
Scientist,Victor_Veselago,Q1397993,male,89,,2005.0
Scientist,Victor_Vianu,Q7926426,male,0,,2011.0
Scientist,Victor_Villiger,Q120374,male,66,,2007.0
Scientist,Victor_Vladimirovich_Petryashov,Q81875385,male,62,,2019.0
Scientist,Victor_Vâlcovici,Q18549117,male,85,,2015.0
Scientist,Victor_Warren_Fazio,Q20741891,male,75,,2015.0
Scientist,Victor_Weisskopf,Q441154,male,94,,2004.0
Scientist,Victor_Westhoff,Q600025,male,0,,2008.0
Scientist,Victor_Wouk,Q2893984,male,86,,2006.0
Scientist,Victor_Yngve,Q3350971,male,104,,2005.0
Scientist,Victor_Yohai,,,0,,
Scientist,Victor_Zalgaller,Q1384951,male,100,,2006.0
Scientist,Victor_Zotov,Q4194128,male,69,,2006.0
Scientist,Victor_Zue,Q2522623,male,0,,2015.0
Scientist,Victor_von_Richter,Q107794,male,50,,2008.0
Scientist,Victoria_Arbour,Q88217885,female,0,,2017.0
Scientist,Victoria_Bellotti,Q18249337,female,0,,2014.0
Scientist,Victoria_Braithwaite__Victoria_Braithwaite__1,,,52,,
Scientist,Victoria_Clarke_(psychologist),Q39069999,female,0,,2017.0
Scientist,Victoria_Cowling,Q21264860,female,0,,2019.0
Scientist,Victoria_Fromkin,Q7926717,female,77,,2005.0
Scientist,Victoria_Hale,Q7926744,female,0,,2005.0
Scientist,Victoria_Kaspi,Q7926813,female,57,,2010.0
Scientist,Victoria_Lieu,Q22915120,female,0,,2015.0
Scientist,Victoria_Luine,Q28112841,female,0,,2016.0
Scientist,Victoria_Lundblad,Q18632404,female,0,,2018.0
Scientist,Victoria_Martin,Q56854980,female,0,,2018.0
Scientist,Victoria_Metcalf,Q24716861,female,0,,2016.0
Scientist,Victoria_Morgan,Q86839278,female,0,,2021.0
Scientist,Victoria_Orphan,Q27457147,female,0,,2016.0
Scientist,Victoria_Plaut,Q20714894,female,0,,2015.0
Scientist,Victoria_Reyes-García,Q21264861,female,53,,2021.0
Scientist,Victoria_Samanidou,Q61800368,female,0,,2021.0
Scientist,Victoria_Sanz-Moreno,Q104857167,female,0,,2020.0
Scientist,Victoria_Schuck,Q62467763,female,115,,2019.0
Scientist,Victoria_Sork,Q84265746,female,0,,2020.0
Scientist,Victoria_Stodden,Q48472199,female,0,,2018.0
Scientist,Vid_Vuletić_Vukasović,Q7927613,male,80,,2012.0
Scientist,Vida_Stout,Q7927647,female,82,,2012.0
Scientist,Vidadi_Muradov,Q12847235,male,65,,2013.0
Scientist,Vidar_Thomee,,,0,,
Scientist,Video_games_as_an_art_form,Q14930380,,0,,2006.0
Scientist,Vidita_Vaidya,Q16886275,female,0,,2014.0
Scientist,Vidya_Arankalle,Q18359043,female,0,,2014.0
Scientist,Viggo_Brun,Q381433,male,93,,2002.0
Scientist,Viggo_Kann,,,0,,
Scientist,Vijay_Atluri,Q100223754,female,0,,2021.0
Scientist,Vijay_Balakrishna_Shenoy,Q17089803,male,0,,2014.0
Scientist,Vijay_Balasubramanian,Q65548634,male,0,,2019.0
Scientist,Vijay_Bhargava,Q7929128,male,76,,2008.0
Scientist,Vijay_Chandru,Q7929134,male,0,,2009.0
Scientist,Vijay_K._Dhir,Q7929152,male,0,,2008.0
Scientist,Vijay_Kumar_(molecular_biologist),Q29034263,male,70,,2017.0
Scientist,Vijay_Kumar_(roboticist),Q7929163,male,62,,2008.0
Scientist,Vijay_Kumar_Kapahi,Q29891063,male,55,,2017.0
Scientist,Vijay_Kumar_Patodi,Q2524119,male,31,,2004.0
Scientist,Vijay_P._Singh,Q16980936,male,78,,2014.0
Scientist,Vijay_S._Pande,Q3558243,male,0,,2004.0
Scientist,Vijay_Vaishnavi,Q19899084,male,0,,2015.0
Scientist,Vijay_Vazirani,Q92702,male,0,,2005.0
Scientist,Vijayalakshmi_Ravindranath,Q18211727,female,71,,2014.0
Scientist,Vijayan_Nair,Q16980330,male,0,,2014.0
Scientist,Vijaykrishnan_Narayanan,Q84073053,male,0,,2020.0
Scientist,Vijendra_K._Singh__Vijendra_Kumar_Singh__1,,,0,,
Scientist,Viji_Draviam,Q83955923,female,0,,2020.0
Scientist,Vikas_Berry,Q48320715,male,0,,2020.0
Scientist,Vikas_Joshi,Q17198836,male,0,,2014.0
Scientist,Vikentiy_Khvoyka,Q1973287,male,64,,2005.0
Scientist,Vikram_Adve,Q20630458,male,58,,2015.0
Scientist,Vikram_Amar,Q7929548,male,0,,2005.0
Scientist,Vikram_Ambalal_Sarabhai,,,0,,2005.0
Scientist,Vikram_Deshpande,Q64683044,male,0,,2022.0
Scientist,Vikram_Kumar_(physicist),Q39074184,male,0,,2017.0
Scientist,Vikram_Patel,Q21712261,male,60,,2015.0
Scientist,Vikram_Sarabhai,Q325470,male,52,,2004.0
Scientist,Vikram_Sharma,,,0,,
Scientist,Viktor_Adamsky,Q4057361,male,101,,2018.0
Scientist,Viktor_Ambartsumian,Q164396,male,-28,,2004.0
Scientist,Viktor_Anatolievich_Matveev,Q15072125,male,0,,2023.0
Scientist,Viktor_Bunyakovsky,Q370151,male,0,,2005.0
Scientist,Viktor_Dilman,Q7929666,male,98,,2008.0
Scientist,Viktor_Dolnik,Q4165132,male,75,,2007.0
Scientist,Viktor_Ferdinand_Brotherus,Q4348569,male,175,,2008.0
Scientist,Viktor_Ginzburg__Viktor_Ginzburg__1,,,0,,
Scientist,Viktor_Hamburger,Q85700,male,101,,2007.0
Scientist,Viktor_Henry,,,0,,
Scientist,Viktor_Ivannikov,Q4195863,male,76,,2010.0
Scientist,Viktor_Korolev,Q24642587,male,70,,2018.0
Scientist,Viktor_Kozin,Q369721,male,71,,2010.0
Scientist,Viktor_Kupradze,Q4247528,male,82,,2022.0
Scientist,Viktor_Maslov_(mathematician),Q374205,male,94,,2011.0
Scientist,Viktor_Mayer-Schönberger,Q2524339,male,0,,2012.0
Scientist,Viktor_Meyer,Q76622,male,49,,2005.0
Scientist,Viktor_Mikhaylov_(academic),Q4297328,male,77,,2011.0
Scientist,Viktor_Panin,Q56478542,,0,,2018.0
Scientist,Viktor_Panin_(physicist),Q4344003,male,90,,2010.0
Scientist,Viktor_Pashutin,Q4347670,male,56,,2015.0
Scientist,Viktor_Sadovnichiy,Q2622956,male,85,,2006.0
Scientist,Viktor_Sarianidi,Q563640,male,84,,2006.0
Scientist,Viktor_Savelyev,Q4403795,male,85,,2013.0
Scientist,Viktor_Sobolev_(scientist),Q4425815,male,84,,2018.0
Scientist,Viktor_Trkal,Q6559049,male,68,,2006.0
Scientist,Viktor_Valentinovich_Novozhilov,Q4323968,male,78,,2013.0
Scientist,Viktor_Vladimirovich_Nemytskii,Q2570080,male,67,,2023.0
Scientist,Viktor_Wagner,Q950880,male,73,,2007.0
Scientist,Viktor_Zemskov,Q4191274,male,69,,2011.0
Scientist,Viktor_Zhdanov,Q2700441,male,73,,2010.0
Scientist,Viktor_Zhivopistsev,Q4179914,male,91,,2021.0
Scientist,Viktor_Zverev,Q4189542,male,83,,2015.0
Scientist,Viktor_von_Lang,Q90516,male,83,,2008.0
Scientist,Viktor_von_Tschusi_zu_Schmidhoffen,Q3558335,male,77,,2010.0
Scientist,Viktoria_Däschlein-Gessner,Q42071350,female,0,,2022.0
Scientist,Viktoria_Suchantseva,Q15075116,female,75,,2013.0
Scientist,Vilen_Strutinsky,Q2570975,male,64,,2016.0
Scientist,Vilhelm_Aubert,Q710431,male,66,,2007.0
Scientist,Vilhelm_Bjerknes,Q164389,male,89,,2004.0
Scientist,Viliam_Geffert,Q28968127,male,0,,2017.0
Scientist,Ville_Topias_Pulkki,Q59683328,male,55,,2019.0
Scientist,Villy_Christensen,Q7931136,male,0,,2009.0
Scientist,Villy_Sundström,Q89474531,male,75,,2022.0
Scientist,Vilma_Rose_Hunt,Q29064663,female,86,,2017.0
Scientist,Vimla_L._Patel,Q7931287,female,0,,2007.0
Scientist,Vinay_Gupta,Q42665876,male,52,,2017.0
Scientist,Vinay_K._Nandicoori,Q47486727,male,55,,2018.0
Scientist,Vinay_Kumar_(pathologist),Q7931375,male,0,,2008.0
Scientist,Vinay_Prasad,Q38549515,male,0,,2018.0
Scientist,Vinay_V._Deodhar,Q7931386,male,0,,2010.0
Scientist,Vince_Calhoun,Q24924339,male,57,,2018.0
Scientist,Vince_Smith_(cybertaxonomist),Q28913575,male,0,,2021.0
Scientist,Vincent_A._Calarco,Q20656790,male,82,,2015.0
Scientist,Vincent_Aleven,Q7931649,male,0,,2012.0
Scientist,Vincent_Blondel,Q7931677,male,59,,2011.0
Scientist,Vincent_Bochdalek,Q2526506,male,-141,,2005.0
Scientist,Vincent_Bouchiat,Q57039591,male,0,,2022.0
Scientist,Vincent_Calvez,Q25929358,male,43,,2018.0
Scientist,Vincent_Charles_Illing,Q18880323,male,79,,2021.0
Scientist,Vincent_Cochrane,Q85813220,male,108,,2020.0
Scientist,Vincent_Courtillot,Q1302803,male,76,,2007.0
Scientist,Vincent_Cowling,,,0,,
Scientist,Vincent_Cryns,Q21062310,male,0,,2015.0
Scientist,Vincent_E._Lally,Q21597910,male,83,,2015.0
Scientist,Vincent_Fischetti,Q114608431,male,0,,2022.0
Scientist,Vincent_H._Resh,Q93387648,male,0,,2020.0
Scientist,Vincent_Lafforgue,Q2526664,male,50,,2010.0
Scientist,Vincent_Lemire,Q45838990,male,0,,2020.0
Scientist,Vincent_M._Sarich,,,0,,2006.0
Scientist,Vincent_Martin_Bonventre,Q16120270,male,0,,2013.0
Scientist,Vincent_Massey_(enzymologist),Q19594738,male,76,,2015.0
Scientist,Vincent_Meunier,Q37831208,male,50,,2019.0
Scientist,Vincent_Moncrief,Q7931955,male,0,,2012.0
Scientist,Vincent_Pilloni,Q55497273,male,0,,2018.0
Scientist,Vincent_Poor,Q16734626,male,73,,2013.0
Scientist,Vincent_Racaniello,Q980126,male,71,,2007.0
Scientist,Vincent_Rijmen,Q433933,male,54,,2004.0
Scientist,Vincent_Rue,Q16864469,male,0,,2014.0
Scientist,Vincent_Salyers,Q72400002,male,0,,2019.0
Scientist,Vincent_Sarich,Q1713920,male,79,,2005.0
Scientist,Vincent_Schaefer,Q904877,male,87,,2006.0
Scientist,Vincent_Warren_Low,Q60927736,male,75,,2019.0
Scientist,Vincent_Wigglesworth,Q7932110,male,95,,2006.0
Scientist,Vincent_du_Vigneaud,Q33128,male,77,,2004.0
Scientist,Vincenz_Czerny,Q72718,male,74,,2006.0
Scientist,Vincenzo_Aquilanti,Q16167707,male,85,,2016.0
Scientist,Vincenzo_Balzani,Q4013097,male,88,,2011.0
Scientist,Vincenzo_Brunacci,Q2268975,male,50,,2013.0
Scientist,Vincenzo_Caglioti,Q4013134,male,96,,2017.0
Scientist,Vincenzo_Cerulli,Q945443,male,68,,2004.0
Scientist,Vincenzo_Cerundolo,Q40619109,male,61,,2018.0
Scientist,Vincenzo_Colucci,Q111205773,male,178,,2021.0
Scientist,Vincenzo_Dandolo,Q3504610,male,266,,2005.0
Scientist,Vincenzo_Di_Benedetto,Q17350419,male,79,,2014.0
Scientist,Vincenzo_Di_Nicola,Q7932229,male,71,,2012.0
Scientist,Vincenzo_Flauti,Q4013274,male,81,,2018.0
Scientist,Vincenzo_Riccati,Q2121731,male,68,,2008.0
Scientist,Vincenzo_Tanara,Q4013543,male,0,,2006.0
Scientist,Vincenzo_Tiberio,Q4013551,male,155,,2014.0
Scientist,Vincenzo_Viviani,Q318037,male,81,,2004.0
Scientist,Vineet_Bafna,Q37380360,male,0,,2019.0
Scientist,Vineet_M._Arora,Q94323866,female,0,,2020.0
Scientist,Vineet_Soni,Q7932408,male,0,,2012.0
Scientist,Vineeta_Bal,Q25999620,female,0,,2016.0
Scientist,Vinko_Dvořák,Q7932606,male,74,,2006.0
Scientist,Vinod_Bhakuni,Q27517537,male,49,,2016.0
Scientist,Vinod_Chohan,Q20810643,male,68,,2015.0
Scientist,Vinod_Dham,Q838109,male,0,,2005.0
Scientist,Vinod_Johri,Q7932729,male,79,,2010.0
Scientist,Vinod_K._Singh,Q7932730,male,65,,2010.0
Scientist,Vinod_Krishan,Q16107376,female,0,,2014.0
Scientist,Vinod_Kumar_Gaur,Q28006790,male,88,,2016.0
Scientist,Vinod_Scaria,Q7932748,male,43,,2013.0
Scientist,Vinod_Singh_Chhetri,Q106468687,male,84,,2021.0
Scientist,Vint_Cerf,Q92743,male,0,,2001.0
Scientist,Vintilă_Ciocâlteu,Q7932882,male,0,,2007.0
Scientist,Viola_Birss,Q68318800,female,0,,2019.0
Scientist,Viola_Klein,Q19874939,female,0,,2015.0
Scientist,Viola_S._Wendt,Q7933035,female,79,,2009.0
Scientist,Viola_Vogel,Q15303638,female,0,,2018.0
Scientist,Violet_B._Haas,Q102116779,female,60,,2022.0
Scientist,Violetta_White_Delafield,Q21612598,female,74,,2019.0
Scientist,Vir_Phoha,Q105878153,male,0,,2021.0
Scientist,Viral_B._Shah,Q29589104,male,0,,2017.0
Scientist,Viramu_Jones,,,0,,
Scientist,Virendra_K_Baranwal,Q89354599,male,64,,2020.0
Scientist,Virendra_Nath_Pandey,Q27107919,male,77,,2016.0
Scientist,Virendra_Singh_(physicist),Q29518576,male,86,,2017.0
Scientist,Virgil_Boekelheide,Q1259756,male,105,,2020.0
Scientist,Virgil_D._Gligor,Q7933759,male,75,,2007.0
Scientist,Virgil_Griffith,Q1354837,male,0,,2006.0
Scientist,Virgil_L._Sharpton,Q7933781,male,0,,2008.0
Scientist,Virgil_Snyder,Q7933817,male,0,,2012.0
Scientist,Virginia_A._Clark,Q96316937,female,-6,,2020.0
Scientist,Virginia_Apgar,Q463891,female,65,,2003.0
Scientist,Virginia_Barbour,Q42578680,female,0,,2019.0
Scientist,Virginia_Braun,Q30323728,female,0,,2017.0
Scientist,Virginia_Cornish,Q59225822,female,0,,2018.0
Scientist,Virginia_Dignum,Q59587250,female,60,,2019.0
Scientist,Virginia_Emerson_Lewis,Q104283371,female,-40,,2020.0
Scientist,Virginia_Frantz,,,0,,2013.0
Scientist,Virginia_Grace,Q15129857,female,-30,,2013.0
Scientist,Virginia_Gray_(political_scientist),Q85723778,female,0,,2020.0
Scientist,Virginia_Holsinger,Q51751990,female,87,,2018.0
Scientist,Virginia_L._Miller,Q110174275,female,0,,2021.0
Scientist,Virginia_Livingston,Q7934387,female,0,,2010.0
Scientist,Virginia_Louise_Trimble,Q2527796,female,81,,2004.0
Scientist,Virginia_M._Alexander,Q15997872,female,50,,2013.0
Scientist,Virginia_M._Miller,Q108782159,female,0,,2021.0
Scientist,Virginia_Minnich,Q50975453,female,86,,2018.0
Scientist,Virginia_R._Domínguez,Q16151697,female,0,,2013.0
Scientist,Virginia_Ragsdale,Q1767452,female,75,,2007.0
Scientist,Virginia_Toy,Q56508103,female,0,,2018.0
Scientist,Virginia_Vassilevska_Williams,Q39609668,female,0,,2018.0
Scientist,Virginia_Vitzthum,Q60059445,female,0,,2018.0
Scientist,Virginia_Warfield,Q61872065,female,0,,2019.0
Scientist,Virginia_Watson,Q97671453,female,89,,2020.0
Scientist,Virginia_Zakian,Q11250397,female,0,,2008.0
Scientist,Virginijus_Šikšnys,Q22202040,male,68,,2016.0
Scientist,Virino,Q4014556,,0,,2004.0
Scientist,Visakan_Kadirkamanathan,Q7935571,male,0,,2012.0
Scientist,Vish_Viswesvaran,,,0,,
Scientist,Vishal_Garg,Q57941993,male,0,,2021.0
Scientist,Vishnu_Vasudev_Narlikar,Q16012668,male,83,,2013.0
Scientist,Vishva_Dixit,Q45845575,male,0,,2020.0
Scientist,Vishwanath_R._Lingappa,,,0,,
Scientist,Vishwani_Agrawal,Q23542564,male,81,,2016.0
Scientist,Viswanathan_Kumaran,Q28549858,male,58,,2017.0
Scientist,Vital_Brazil,Q1797510,male,85,,2004.0
Scientist,Vitali_Milman,Q1425084,male,85,,2006.0
Scientist,Vitali_Silitski,Q2618597,male,39,,2012.0
Scientist,Vitalii_Ditkin,Q11163334,male,0,,2012.0
Scientist,Vitalik_Buterin,Q16197959,male,0,,2014.0
Scientist,Vitaliy_Anistratenko,,,0,,
Scientist,Vitaly_Bergelson,Q15994928,male,0,,2009.0
Scientist,Vitaly_Efimov,Q2586437,male,0,,2006.0
Scientist,Vitaly_Ginzburg,Q104668,male,93,,2003.0
Scientist,Vitaly_Khlopin,Q4498148,male,0,,2021.0
Scientist,Vitaly_Khonik,Q104216885,male,69,,2020.0
Scientist,Vitaly_Shafranov,Q2586417,male,85,,2014.0
Scientist,Vitaly_Slezov,,,0,,
Scientist,Vitaly_Voloshinov,Q69139034,male,72,,2019.0
Scientist,Vito_Fazzi,Q16059456,male,67,,2012.0
Scientist,Vito_Volterra,Q216812,male,80,,2004.0
Scientist,Vitold_Belevitch,Q2528722,male,0,,2009.0
Scientist,Vittore_Trincavelli,Q3561345,male,0,,2010.0
Scientist,Vittorio_Bartoletti,,,0,,
Scientist,Vittorio_Calestani,Q6164105,male,142,,2015.0
Scientist,Vittorio_Colizzi,Q3561362,male,0,,2005.0
Scientist,Vittorio_Erspamer,Q905920,male,90,,2011.0
Scientist,Vittorio_Gallese,Q4015384,male,0,,2008.0
Scientist,Vittorio_Grünwald,Q7937322,male,169,,2012.0
Scientist,Vittorio_Lingiardi,Q4015413,male,0,,2016.0
Scientist,Vivant_Denon,Q468618,male,78,,2004.0
Scientist,Vivek_A._Kumar,Q85813385,male,40,,2020.0
Scientist,Vivek_Borkar,Q28481221,male,70,,2017.0
Scientist,Vivek_Goyal,Q29349109,male,0,,2017.0
Scientist,Vivek_Polshettiwar,Q57035180,male,45,,2022.0
Scientist,Vivek_Ranade,Q28648844,male,61,,2017.0
Scientist,Vivek_Shende,,,0,,2023.0
Scientist,Vivi_Vajda,Q33093598,female,60,,2017.0
Scientist,Vivian_Carpenter,Q7937688,female,0,,2009.0
Scientist,Vivian_Chu,Q95603402,female,0,,2020.0
Scientist,Vivian_Frederick_Maynard_FitzSimons,Q3561552,male,74,,2014.0
Scientist,Vivian_Gadsden,Q110536061,female,0,,2022.0
Scientist,Vivian_Green-Armytage,Q29045270,male,79,,2018.0
Scientist,Vivian_Irish,Q68580205,female,0,,2019.0
Scientist,Vivian_Lee,Q16196553,female,0,,2013.0
Scientist,Vivian_Lee_Bowden,Q106190836,female,81,,2021.0
Scientist,Vivian_Li,Q45360195,female,0,,2019.0
Scientist,Vivian_Lin,Q95586390,female,0,,2020.0
Scientist,Vivian_Liska,Q1246564,female,0,,2010.0
Scientist,Vivian_Pellizari,Q25999467,female,0,,2016.0
Scientist,Vivian_Pinn,Q19981183,female,0,,2015.0
Scientist,Vivian_Yam,Q10884754,female,61,,2014.0
Scientist,Viviana_Acquaviva,Q59672626,female,45,,2022.0
Scientist,Viviana_Alder,Q26720915,female,0,,2016.0
Scientist,Viviana_Gradinaru,Q40678143,female,0,,2020.0
Scientist,Viviana_Simon,Q54435264,female,0,,2020.0
Scientist,Viviane_Baladi,Q21173871,female,61,,2015.0
Scientist,Viviane_Robinson,Q103976493,female,0,,2021.0
Scientist,Viviane_Slon,Q57412439,female,0,,2018.0
Scientist,Vivien_Casagrande,Q7937846,female,75,,2011.0
Scientist,Vivien_Hart,Q104177437,female,-15,,2020.0
Scientist,Vivien_Nagy,,,0,,
Scientist,Vivien_Thomas,Q739020,male,75,,2004.0
Scientist,Vivienne_Cassie_Cooper,Q15920859,female,95,,2014.0
Scientist,Vivienne_Malone-Mayes,Q12268903,female,63,,2013.0
Scientist,Vivienne_Ming,Q59654507,,53,,2018.0
Scientist,Vivienne_Parry,Q15109520,female,68,,2010.0
Scientist,Vlad_Voroninski,Q83624964,male,39,,2019.0
Scientist,Vladik_Kreinovich,Q7938222,male,0,,2010.0
Scientist,Vladilen_F._Minin,Q62712852,male,92,,2023.0
Scientist,Vladimir_Abramovich_Rokhlin,Q383045,male,105,,2004.0
Scientist,Vladimir_Aleksandrovich_Albitzky,,,0,,2011.0
Scientist,Vladimir_Aleksandrovich_Balagurov,Q54058940,male,0,,2023.0
Scientist,Vladimir_Alexandrov,Q7938239,male,47,,2006.0
Scientist,Vladimir_Andreevich_Markov,,,0,,2016.0
Scientist,Vladimir_Andreyevich_Uspensky,Q958015,male,94,,2023.0
Scientist,Vladimir_Arnold,Q157642,male,73,,2001.0
Scientist,Vladimir_Balthasar,Q11903540,male,81,,2020.0
Scientist,Vladimir_Baranovsky,,,0,,
Scientist,Vladimir_Baryshevsky,Q19953728,male,84,,2015.0
Scientist,Vladimir_Batagelj,Q7938266,male,76,,2002.0
Scientist,Vladimir_Bekhterev,Q221723,male,70,,2004.0
Scientist,Vladimir_Belinski,Q23956,male,83,,2010.0
Scientist,Vladimir_Belousov,Q338228,male,-34,,2006.0
Scientist,Vladimir_Beneshevich,Q677159,male,64,,2009.0
Scientist,Vladimir_Bening,Q53859965,male,70,,2018.0
Scientist,Vladimir_Berkovich,Q7938273,male,0,,2012.0
Scientist,Vladimir_Betz,Q2633497,male,60,,2007.0
Scientist,Vladimir_Bogoraz,Q113480,male,-88,,2005.0
Scientist,Vladimir_Boltyansky,Q376679,male,0,,2008.0
Scientist,Vladimir_Braginsky,Q4095656,male,85,,2015.0
Scientist,Vladimir_Brzhechka,,,0,,
Scientist,Vladimir_Buslaev,Q15455686,male,0,,2015.0
Scientist,Vladimir_Chelomei,,,0,,2009.0
Scientist,Vladimir_Chelomey,Q333260,male,70,,2005.0
Scientist,Vladimir_Churilovski,Q19918438,male,85,,2015.0
Scientist,Vladimir_Dal,Q326499,male,71,,2004.0
Scientist,Vladimir_Demikhov,Q1334851,male,-26,,2006.0
Scientist,Vladimir_Dinets,Q56427270,male,0,,2013.0
Scientist,Vladimir_Dinets,Q6372401,male,0,,2013.0
Scientist,Vladimir_Drinfeld,Q369561,male,70,,2002.0
Scientist,Vladimir_Dybo,Q130117,male,93,,2008.0
Scientist,Vladimir_E._Zakharov,Q381592,male,85,,2008.0
Scientist,Vladimir_E._Zakharov,Q74511463,,85,,2008.0
Scientist,Vladimir_Faltsman,Q3276738,male,92,,2013.0
Scientist,Vladimir_Filatov,Q1396979,male,81,,2005.0
Scientist,Vladimir_Fock,Q553176,male,76,,2004.0
Scientist,Vladimir_G._Dubrovskii,Q30644158,male,59,,2023.0
Scientist,Vladimir_Gerdt,Q24809974,male,74,,2016.0
Scientist,Vladimir_Gilelevich_Maz'ya,Q828834,male,0,,2014.0
Scientist,Vladimir_Gorodetski,Q4145096,male,87,,2005.0
Scientist,Vladimir_Govyrin,Q4140947,male,70,,2010.0
Scientist,Vladimir_Grachev,Q4148174,male,82,,2012.0
Scientist,Vladimir_Gribov,Q2587331,male,67,,2008.0
Scientist,Vladimir_Guerrier,Q2029148,male,82,,2010.0
Scientist,Vladimir_Gulevich,Q4151799,male,66,,2013.0
Scientist,Vladimir_Gurariy,,,0,,
Scientist,Vladimir_Igorevich_Gurevich,Q28112805,male,0,,2016.0
Scientist,Vladimir_Ilyin_(mathematician),Q4199550,male,86,,2018.0
Scientist,Vladimir_Ipatieff,Q328995,male,85,,2004.0
Scientist,Vladimir_Ippolitovich_Lipsky,,,0,,2020.0
Scientist,Vladimir_Ivanov_(engineer),Q102279887,male,76,,2020.0
Scientist,Vladimir_Ivanovich_Smirnov_(mathematician),,,0,,2011.0
Scientist,Vladimir_J._Konečni,Q21520426,male,80,,2015.0
Scientist,Vladimir_Kavrayskiy,Q518514,male,70,,2011.0
Scientist,Vladimir_Keilis-Borok,Q320835,male,92,,2004.0
Scientist,Vladimir_Kharin_(zoologist),Q47222899,male,56,,2018.0
Scientist,Vladimir_Khavinson,Q4494454,male,78,,2014.0
Scientist,Vladimir_Kirillin,Q4221352,male,-25,,2015.0
Scientist,Vladimir_Kolesov,Q4227851,male,85,,2021.0
Scientist,Vladimir_Kopylov,Q7938414,male,59,,2007.0
Scientist,Vladimir_Korenchevsky,Q76938266,male,144,,2021.0
Scientist,Vladimir_Korepin,Q3661175,male,73,,2009.0
Scientist,Vladimir_Kotelnikov,Q689486,male,97,,2006.0
Scientist,Vladimir_Kovalevsky_(paleontologist),Q181624,male,182,,2012.0
Scientist,Vladimir_Levenshtein,Q560858,male,82,,2005.0
Scientist,Vladimir_Lipsky,Q2040679,male,-87,,2009.0
Scientist,Vladimir_Lobashev,Q2913302,male,90,,2015.0
Scientist,Vladimir_M._Lipunov,Q18634523,male,72,,2023.0
Scientist,Vladimir_M._Shalaev,Q2483272,male,67,,2023.0
Scientist,Vladimir_Malanin,Q4276546,male,82,,2022.0
Scientist,Vladimir_Markov_(mathematician),Q176685,male,26,,2007.0
Scientist,Vladimir_Markovic,Q2529383,male,0,,2008.0
Scientist,Vladimir_Markovich_Entov,Q3378844,male,71,,2023.0
Scientist,Vladimir_Markovnikov,Q467705,male,67,,2001.0
Scientist,Vladimir_Martynenko,Q1337322,male,67,,2007.0
Scientist,Vladimir_Maz'ya,,,0,,2009.0
Scientist,Vladimir_Mazya,Q828834,male,87,,2007.0
Scientist,Vladimir_Mikhailovich_Myasishchev,Q2143914,male,-46,,2023.0
Scientist,Vladimir_Miklyukov,Q4293073,male,80,,2009.0
Scientist,Vladimir_Minorsky,Q462697,male,89,,2006.0
Scientist,Vladimir_Morozov_(mathematician),,,0,,
Scientist,Vladimir_Nakoryakov,Q4312565,male,83,,2015.0
Scientist,Vladimir_Nikolayevich_Beklemishev,Q206283,male,0,,2023.0
Scientist,Vladimir_Nikolayevich_Myasishchev,Q4310310,male,80,,2023.0
Scientist,Vladimir_Okrepilov,Q4332697,male,80,,2016.0
Scientist,Vladimir_Orel,Q7938535,male,0,,2009.0
Scientist,Vladimir_P._Skulachev,Q4422688,male,89,,2023.0
Scientist,Vladimir_Palladin,Q899297,male,-102,,2015.0
Scientist,Vladimir_Pavlovich_Efroimson,Q4533228,male,116,,2009.0
Scientist,Vladimir_Pecikoza,Q23542785,male,47,,2016.0
Scientist,Vladimir_Petrukhin,Q4361700,male,74,,2016.0
Scientist,Vladimir_Petviashvili,Q25789063,male,0,,2020.0
Scientist,Vladimir_Pešić,Q7938566,male,0,,2012.0
Scientist,Vladimir_Pokrovskii,Q107657750,male,90,,2018.0
Scientist,Vladimir_Polukhin,Q4371062,male,77,,2010.0
Scientist,Vladimir_Pravdich-Neminsky,Q2562438,male,73,,2008.0
Scientist,Vladimir_Prelog,Q83501,male,92,,2004.0
Scientist,Vladimir_Prokhorovich_Amalitskii,Q4063902,male,57,,2006.0
Scientist,Vladimir_Prokofiev,Q21116864,male,0,,2015.0
Scientist,Vladimir_Protasov,,,0,,
Scientist,Vladimir_Pyankov,Q4385549,male,48,,2012.0
Scientist,Vladimir_Retakh,Q4393678,male,76,,2017.0
Scientist,Vladimir_Rojansky,Q7938602,male,81,,2008.0
Scientist,Vladimir_Rokhlin_(Soviet_mathematician),,,0,,2011.0
Scientist,Vladimir_Rokhlin_Jr.,Q1780861,male,72,,2009.0
Scientist,Vladimir_Rott,Q23879658,male,89,,2015.0
Scientist,Vladimir_Rusalov,Q24004910,male,85,,2016.0
Scientist,Vladimir_Rusanov,Q1385267,male,0,,2007.0
Scientist,Vladimir_S._Kostić,Q16083646,male,0,,2009.0
Scientist,Vladimir_Saitov,Q4405147,male,89,,2019.0
Scientist,Vladimir_Sargsyan,Q14814947,male,78,,2013.0
Scientist,Vladimir_Semenkovich__Vladimir_Semenkovich__1,,,0,,
Scientist,Vladimir_Serbsky,Q546884,male,0,,2006.0
Scientist,Vladimir_Shevyakov,Q154707,male,71,,2012.0
Scientist,Vladimir_Shiltsev,Q29865575,male,59,,2022.0
Scientist,Vladimir_Shkodrov,Q759207,male,80,,2004.0
Scientist,Vladimir_Shlapentokh,Q4525510,male,89,,2009.0
Scientist,Vladimir_Shtokman,Q4526904,male,59,,2014.0
Scientist,Vladimir_Smirnov_(mathematician),Q115650,male,87,,2006.0
Scientist,Vladimir_Sobyanin,Q4426142,male,72,,2015.0
Scientist,Vladimir_Sokolov_(scientist),Q2587269,male,70,,2015.0
Scientist,Vladimir_Soldatov,Q84059985,male,66,,2020.0
Scientist,Vladimir_Steklov,Q4441514,,0,,2017.0
Scientist,Vladimir_Steklov,Q559188,male,0,,2017.0
Scientist,Vladimir_Steklov_(mathematician),Q4441514,,62,,2002.0
Scientist,Vladimir_Steklov_(mathematician),Q559188,male,62,,2002.0
Scientist,Vladimir_Sukhomlin,Q71582783,male,79,,2019.0
Scientist,Vladimir_Teplyakov,Q384202,male,84,,2009.0
Scientist,Vladimir_Timofeyevich_Shevyakov,,,0,,2014.0
Scientist,Vladimir_Ulyanov_(physicist),,,0,,
Scientist,Vladimir_V._Kavrayskiy,,,0,,2022.0
Scientist,Vladimir_Vapnik,Q983367,male,88,,2003.0
Scientist,Vladimir_Varyukhin,Q65931991,male,86,,2020.0
Scientist,Vladimir_Veksler,Q1151055,male,59,,2006.0
Scientist,Vladimir_Vernadsky,Q316371,male,-79,,2001.0
Scientist,Vladimir_Voevodin,Q24352829,male,62,,2016.0
Scientist,Vladimir_Voevodsky,Q369662,male,51,,2002.0
Scientist,Vladimir_Vovk,Q57445907,male,0,,2021.0
Scientist,Vladimir_Vragov,Q18237694,male,57,,2015.0
Scientist,Vladimir_Wiese,Q320365,male,68,,2007.0
Scientist,Vladimir_Zakalyukin,Q14475936,male,60,,2015.0
Scientist,Vladimir_Zakharov_(mathematician),Q53870350,male,64,,2018.0
Scientist,Vladimir_Zolotarev,,,0,,
Scientist,Vladimir_Zotikov,Q4194103,male,83,,2012.0
Scientist,Vladimir_Zuev_(physicist),Q4194571,male,78,,2010.0
Scientist,Vladimír_Mařík,Q6950392,male,0,,2013.0
Scientist,Vladimír_Skalička,Q4421495,male,82,,2013.0
Scientist,Vladislav_David,Q7938870,male,87,,2011.0
Scientist,Vladislav_Monchenko,,,0,,2017.0
Scientist,Vlado_Dimovski,Q12805961,male,64,,2019.0
Scientist,Vladyslav_Monchenko,Q12124457,male,84,,2016.0
Scientist,Vlastimir_Kusik,Q106489924,male,0,,2021.0
Scientist,Vlatko_Vedral,Q7939060,male,53,,2010.0
Scientist,Vojislav_Avakumović,,,0,,
Scientist,Vojo_Deretic,Q7939853,male,0,,2007.0
Scientist,Vojtech_Alexander,Q3029907,male,59,,2005.0
Scientist,Vojtěch_Jarník,Q730209,male,73,,2005.0
Scientist,Vojtěch_Šafařík,Q634543,male,0,,2006.0
Scientist,Volcher_Coiter,Q585052,male,-448,,2007.0
Scientist,Volcher_Coiter,Q94913122,,-448,,2007.0
Scientist,Volf_Bronner,Q9377640,male,0,,2018.0
Scientist,Volker_Berghahn,Q91068,male,86,,2007.0
Scientist,Volker_Heine,Q1419397,male,94,,2006.0
Scientist,Volker_Markl,Q50413465,male,0,,2021.0
Scientist,Volker_Mehrmann,Q2531146,male,69,,2019.0
Scientist,Volker_Quaschning,Q2531221,male,0,,2014.0
Scientist,Volker_Strassen,Q65212,male,88,,2004.0
Scientist,Volker_Strehl,,,0,,
Scientist,Volney_Morgan_Spalding,Q21609257,male,0,,2015.0
Scientist,Volney_Rattan,Q6164710,male,184,,2019.0
Scientist,Volodymyr_Babayev,Q12079950,male,72,,2016.0
Scientist,Volodymyr_Biletskyy,Q1988030,male,74,,2011.0
Scientist,Volodymyr_Ivanovych_Barvinok,Q4078073,male,145,,2008.0
Scientist,Volodymyr_Koshmanenko,Q28808347,male,81,,2017.0
Scientist,Volodymyr_Kosynsky,Q12113408,male,74,,2022.0
Scientist,Volodymyr_Levytsky,Q12117372,male,84,,2019.0
Scientist,Volodymyr_Melnyk,Q12122424,male,0,,2014.0
Scientist,Volodymyr_Nemoshkalenko,Q6950122,male,69,,2013.0
Scientist,Volodymyr_Nykyforov,Q59517265,male,0,,2021.0
Scientist,Volodymyr_Semynozhenko,Q4415502,male,0,,2008.0
Scientist,Volodymyr_Turkevych,Q17617387,male,66,,2014.0
Scientist,Volodymyr_Vysokovych,Q15065146,male,74,,2008.0
Scientist,Vsevolod_Gussakovskiy,Q26838620,male,0,,2016.0
Scientist,Vsevolod_Ivanovich_Romanovsky,Q4397349,male,0,,2024.0
Scientist,Vsevolod_Tkachuk,Q4458982,male,78,,2016.0
Scientist,Vujica_Jevđević,Q61128794,male,93,,2021.0
Scientist,Vulimiri_Ramalingaswami,Q3764715,male,80,,2005.0
Scientist,Vy_Maria_Dong,Q58271858,,0,,2018.0
Scientist,Vyacheslav_Baburin,Q4074523,male,73,,2012.0
Scientist,Vyacheslav_Danilenko,Q7943776,male,0,,2011.0
Scientist,Vyacheslav_Feodoritov,Q39040142,male,96,,2018.0
Scientist,Vyacheslav_Ivanov_(philologist),Q794031,male,88,,2006.0
Scientist,Vyacheslav_Rychkov,Q15428901,male,49,,2019.0
Scientist,Vyacheslav_Shestakov,Q4523295,male,89,,2021.0
Scientist,Vyacheslav_Shokurov,Q862198,male,74,,2010.0
Scientist,Vyacheslav_Stepanov,Q2587134,male,135,,2014.0
Scientist,Vyacheslav_Tishchenko,Q15071584,male,80,,2019.0
Scientist,Vyda_Ragulskienė,Q7943919,female,93,,2012.0
Scientist,Vytautas_Straižys,Q7944033,male,85,,2006.0
Scientist,Vytenis_Vasyliunas,Q12678602,male,85,,2021.0
Scientist,Václav_Chvátal,Q1384912,male,78,,2007.0
Scientist,Václav_Cílek,Q7944104,male,69,,2005.0
Scientist,Václav_E._Beneš,Q4083776,male,93,,2007.0
Scientist,Václav_Frič,Q7944109,male,-108,,2011.0
Scientist,Václav_Jeřábek,Q37734967,male,86,,2017.0
Scientist,Väinö_Lassila,Q11902075,male,43,,2020.0
Scientist,Väinö_Tanner_(geographer),Q3427281,male,67,,2017.0
Scientist,Véronique_Buat,Q60369891,female,62,,2020.0
Scientist,Véronique_Dehant,Q21402773,female,0,,2019.0
Scientist,Véronique_Gouverneur,Q21716261,female,60,,2015.0
Scientist,Véronique_L._Roger,Q110955107,female,0,,2022.0
Scientist,Víctor_Aguirre-Torres,Q17516974,male,0,,2014.0
Scientist,Víctor_Alberto_Ramos,Q22087917,male,0,,2015.0
Scientist,Víctor_Nee,Q7944697,male,0,,2007.0
Scientist,W.F._Osgood,,,0,,2011.0
Scientist,W.S._Koski,,,0,,
Scientist,W._Albert_Noyes_Jr.,Q905772,male,82,,2010.0
Scientist,W._Arthur_Lewis,Q272519,male,76,,2004.0
Scientist,W._B._R._King,Q7945344,male,74,,2006.0
Scientist,W._B._R._Lickorish,Q2536643,male,86,,2007.0
Scientist,W._Baade,,,0,,2004.0
Scientist,W._Brian_Harland,Q1947593,male,86,,2004.0
Scientist,W._Bruce_Fye,Q61822478,male,0,,2018.0
Scientist,W._Christopher_Winter,Q24055461,male,52,,2016.0
Scientist,W._Clark_Still,Q17198847,male,0,,2014.0
Scientist,W._Conway_Pierce,Q18559037,male,79,,2014.0
Scientist,W._Cooney,,,0,,
Scientist,W._D._Hamilton,Q15451,male,64,,2002.0
Scientist,W._Dale_Brownawell,Q18921484,male,0,,2015.0
Scientist,W._Daniel_Hillis,Q92942,male,0,,2014.0
Scientist,W._David_Arnett__W._David_Arnett__1,,,0,,
Scientist,W._David_Kingery,Q15447222,male,74,,2013.0
Scientist,W._David_Sincoskie,Q7945448,male,56,,2010.0
Scientist,W._E._B._Du_Bois,Q158060,male,95,,2002.0
Scientist,W._E._Bennett,Q7945476,male,0,,2010.0
Scientist,W._E._C._Moore,Q52828984,male,0,,2018.0
Scientist,W._E._S._Turner,Q7945492,male,82,,2009.0
Scientist,W._Edwards_Deming,Q311472,male,93,,2002.0
Scientist,W._F._Grimes,Q74605,male,83,,2004.0
Scientist,W._F._H._Nicolaisen,Q7945522,male,0,,2009.0
Scientist,W._G._Ernst,Q2536695,male,0,,2006.0
Scientist,W._G._Unruh,Q1361708,male,79,,2004.0
Scientist,W._George_Parks,Q11205451,male,0,,2011.0
Scientist,W._H._Besant,Q7945623,male,89,,2013.0
Scientist,W._H._McLeod,Q16018523,male,77,,2013.0
Scientist,W._H._R._Rivers,Q588320,male,58,,2002.0
Scientist,W._H._Thompson,,,0,,2006.0
Scientist,W._Harmon_Ray,Q7945680,male,84,,2008.0
Scientist,W._Harry_Everhart,Q7945682,male,76,,2012.0
Scientist,W._Harry_Vaughan,Q16073302,male,93,,2009.0
Scientist,W._Henry_Lambright,Q107986684,male,85,,2021.0
Scientist,W._Horsley_Gantt,Q6167659,male,88,,2019.0
Scientist,W._Hugh_Woodin,Q1389897,male,69,,2005.0
Scientist,W._I._Thomas,Q1323100,male,84,,2005.0
Scientist,W._Ian_Lipkin,Q7945702,male,72,,2008.0
Scientist,W._Ironside_Bruce,Q27978781,male,0,,2016.0
Scientist,W._J._Merline,,,0,,
Scientist,W._James_Adams,Q7945745,male,0,,2010.0
Scientist,W._Jason_Morgan,Q1351267,male,89,,2005.0
Scientist,W._John_Kress,Q6166224,male,73,,2018.0
Scientist,W._K._Burton,Q702239,male,43,,2007.0
Scientist,W._K._Hastings,Q17126163,male,94,,2014.0
Scientist,W._Keith_Campbell,Q32979610,male,0,,2017.0
Scientist,W._Keith_Edwards,Q7945765,male,0,,2008.0
Scientist,W._Knox_Chandler,,,0,,
Scientist,W._Lance_Bennett,Q59618552,male,76,,2018.0
Scientist,W._Lawrence_S._Prabhakar,Q7945793,male,0,,2010.0
Scientist,W._Lloyd_Warner,Q721643,male,72,,2005.0
Scientist,W._Lorenz,,,0,,
Scientist,W._Mark_Saltzman,Q23092145,male,65,,2015.0
Scientist,W._Martin_Greenlee,,,0,,
Scientist,W._O._E._Oesterley,Q15434822,male,0,,2010.0
Scientist,W._R._D._Wiggins,Q7945905,male,79,,2013.0
Scientist,W._R._Forrester-Wood,Q7945911,male,58,,2013.0
Scientist,W._Richard_Stevens,Q949125,male,48,,2004.0
Scientist,W._Ricker,,,0,,
Scientist,W._Roger_Graham,Q7945950,male,69,,2011.0
Scientist,W._Ross_Ashby,Q711172,male,69,,2003.0
Scientist,"W._Roy_Utz,_Jr.",,,0,,
Scientist,W._S._Bristowe,Q3568983,male,78,,2004.0
Scientist,W._Selvamurthy,Q7958503,male,75,,2010.0
Scientist,W._South_Coblin,Q7980918,male,80,,2009.0
Scientist,W._T._Martin,Q7946010,male,113,,2012.0
Scientist,W._T._Tutte,Q1391861,male,85,,2002.0
Scientist,W._Tecumseh_Fitch,Q2399713,male,0,,2008.0
Scientist,W._V._D._Hodge,Q1356359,male,72,,2003.0
Scientist,W._W._Hansen,Q2581025,male,40,,2004.0
Scientist,W._W._Rouse_Ball,Q429858,male,75,,2003.0
Scientist,W._Wallace_Cleland,Q7946061,male,83,,2007.0
Scientist,W._Wesley_Peterson,Q3709618,male,85,,2007.0
Scientist,W._van_der_Woude,,,0,,2020.0
Scientist,WU_Zhigang,,,0,,
Scientist,Waclaw_Dziewulski,,,0,,
Scientist,Wacław_Gajewski,Q7958888,male,86,,2010.0
Scientist,Wacław_Marzantowicz,Q21290634,male,74,,2019.0
Scientist,Wacław_Mayzel,Q9369754,male,69,,2016.0
Scientist,Wacław_Sierpiński,Q297206,male,87,,2002.0
Scientist,Wade_Fox,Q1435432,male,104,,2004.0
Scientist,Wade_Hampton_Frost,Q7959056,male,-86,,2006.0
Scientist,Wade_Hurt,Q7959069,male,0,,2006.0
Scientist,Wade_Regehr,Q7959111,male,0,,2008.0
Scientist,Wael_Al-Husami,Q100531560,male,0,,2020.0
Scientist,Wafik_El-Deiry,Q4118647,male,0,,2010.0
Scientist,Wah_Chiu,Q16075097,male,0,,2017.0
Scientist,Waheed_Qureshi,Q7959762,male,84,,2010.0
Scientist,Wahid_Shams_Kolahi,Q7959789,male,59,,2010.0
Scientist,Wai-Yim_Ching,Q40172869,male,0,,2020.0
Scientist,Wai-mo_Suen,,,0,,
Scientist,Waikaremoana_Waitoki,Q109419235,female,0,,2021.0
Scientist,Waldemar_Alexandrow,,,0,,
Scientist,Waldemar_Christofer_Brøgger_(geologist),Q2424873,male,173,,2005.0
Scientist,Waldemar_Fuchs,Q7961405,male,0,,2007.0
Scientist,Waldemar_Haffkine,Q2142351,male,164,,2004.0
Scientist,Waldemar_Lindgren,Q174242,male,0,,2006.0
Scientist,Waldemar_Trjitzinsky,,,0,,
Scientist,Waldemar_W._Koczkodaj,Q60667109,male,73,,2021.0
Scientist,Waldo_L._Schmitt,Q7961572,male,90,,2005.0
Scientist,Waldo_Lee_McAtee,Q19561456,male,79,,2015.0
Scientist,Waldo_Rudolph_Wedel,Q7961581,male,88,,2007.0
Scientist,Waldo_Semon,Q7961585,male,126,,2003.0
Scientist,Waleed_A._Al-Salam,,,0,,
Scientist,Waleed_Al-Salam,Q7961680,male,0,,2011.0
Scientist,Walery_Łoziński,Q9370512,male,144,,2016.0
Scientist,Waljit_Dhillo,Q61085239,male,0,,2022.0
Scientist,Walker_Bleakney,Q7962222,male,123,,2011.0
Scientist,Walker_Lee_Cisler,Q7962287,male,97,,2007.0
Scientist,Wallace_Arthur,Q1661350,male,72,,2008.0
Scientist,Wallace_B._Mendelson,Q69843977,male,0,,2019.0
Scientist,Wallace_Carothers,Q333724,male,41,,2003.0
Scientist,Wallace_Clement_Sabine,Q709821,male,51,,2004.0
Scientist,Wallace_Hamby,,,0,,
Scientist,Wallace_John_Eckert,Q914112,male,69,,2004.0
Scientist,Wallace_L._W._Sargent,Q1795596,male,89,,2004.0
Scientist,Wallace_Lambert,Q19519363,male,87,,2015.0
Scientist,Wallace_Roy_Ernst,Q7962887,male,0,,2012.0
Scientist,Wallace_Sampson,Q7962890,male,85,,2011.0
Scientist,Wallace_Smith_Broecker,Q911079,male,88,,2005.0
Scientist,Wallie_Abraham_Hurwitz,Q3704811,male,72,,2012.0
Scientist,Wally_Clark_(zoologist),Q76866771,,92,,2019.0
Scientist,Wally_Feurzeig,Q5814314,male,97,,2005.0
Scientist,Wally_Smith_(mathematician),Q7963493,male,98,,2007.0
Scientist,Waloddi_Weibull,Q1387593,male,92,,2005.0
Scientist,Walter_A._Bell,Q7964122,male,135,,2006.0
Scientist,Walter_A._Jacobs,,,0,,2008.0
Scientist,Walter_A._Rosenblith,Q7964131,male,89,,2007.0
Scientist,Walter_A._Shewhart,Q462232,male,76,,2004.0
Scientist,Walter_A._Wohlgemuth,Q18760713,male,58,,2015.0
Scientist,Walter_Abraham_Jacobs,Q304732,male,84,,2008.0
Scientist,Walter_Alvarez,Q555781,male,84,,2004.0
Scientist,Walter_Anderson_(folklorist),Q70795,male,-62,,2004.0
Scientist,Walter_Auffenberg,Q1863629,male,76,,2011.0
Scientist,Walter_B._Cannon,,,0,,2006.0
Scientist,Walter_B._Jones_(geologist),Q7964212,male,0,,2006.0
Scientist,Walter_Baade,Q57299,male,67,,2004.0
Scientist,Walter_Baily,,,0,,2021.0
Scientist,Walter_Baldwin_Spencer,Q1226322,male,69,,2005.0
Scientist,Walter_Bartky,Q42871136,male,57,,2017.0
Scientist,Walter_Benenson,Q109375790,male,88,,2021.0
Scientist,Walter_Bitterlich,Q87905,male,100,,2010.0
Scientist,Walter_Boas,Q1558308,male,78,,2012.0
Scientist,Walter_Bodmer,Q7964332,male,88,,2005.0
Scientist,Walter_Borho,Q119669,male,0,,2012.0
Scientist,Walter_Boron,Q7964341,male,75,,2008.0
Scientist,Walter_Borsche,,,0,,
Scientist,Walter_Bortz_II,Q7964346,male,94,,2009.0
Scientist,Walter_Bowers_Pillsbury,Q7964352,male,88,,2008.0
Scientist,Walter_Bradford_Cannon,Q503192,male,74,,2004.0
Scientist,Walter_Bradley_(engineer),Q7964360,,81,,2010.0
Scientist,Walter_Brattain,,,0,,2006.0
Scientist,Walter_Brenner,Q7964368,male,94,,2012.0
Scientist,Walter_Buller,Q2507378,male,68,,2004.0
Scientist,Walter_Burckhardt,Q122416,male,66,,2011.0
Scientist,Walter_Burton_Ford,Q7964434,,0,,2012.0
Scientist,Walter_C._Oechel,Q27517673,male,79,,2016.0
Scientist,Walter_C._Sweet,Q20180784,male,0,,2016.0
Scientist,Walter_Carl_Otto_Busse,Q21395016,male,65,,2020.0
Scientist,Walter_Carnielli,Q7964516,male,0,,2008.0
Scientist,Walter_Christaller,Q5608208,male,131,,2004.0
Scientist,Walter_Christian_Brödel,,,0,,
Scientist,Walter_D._Knight,Q7964638,,0,,2012.0
Scientist,Walter_D._Mooney,Q22006988,male,73,,2015.0
Scientist,Walter_Daelemans,Q14947510,male,64,,2013.0
Scientist,Walter_Dandy,Q1379802,male,60,,2005.0
Scientist,Walter_DeKeseredy,Q56486765,male,65,,2018.0
Scientist,Walter_Deane,Q21510088,male,0,,2017.0
Scientist,Walter_Dearborn,Q7964665,male,0,,2010.0
Scientist,Walter_Dieckmann,Q74471,male,56,,2008.0
Scientist,Walter_Dieminger,Q98668,male,93,,2010.0
Scientist,Walter_Dobrogosz,Q7964687,male,91,,2006.0
Scientist,Walter_Douglas_Hincks,Q18242576,male,60,,2021.0
Scientist,Walter_Dubislav,Q104261,male,129,,2008.0
Scientist,Walter_Dürk,,,0,,
Scientist,Walter_E._Gregory,Q111927813,male,61,,2022.0
Scientist,Walter_E._Meshaka_Jr.,Q19896181,male,0,,2015.0
Scientist,Walter_Edgar_Harris,Q7964743,male,96,,2011.0
Scientist,Walter_Elsasser,,,0,,2006.0
Scientist,Walter_Emil_Westman,Q87071061,male,46,,2020.0
Scientist,Walter_Eric_Spear,Q1156363,,87,,2009.0
Scientist,Walter_Erwin_Diewert,Q15127124,,0,,2012.0
Scientist,Walter_F._Buckley,Q7964794,,85,,2007.0
Scientist,Walter_F._Tichy,Q93141,,72,,2004.0
Scientist,Walter_Feit,Q949521,male,94,,2005.0
Scientist,Walter_Fenno_Dearborn,,,0,,2023.0
Scientist,Walter_Flight,Q7964847,male,44,,2011.0
Scientist,Walter_Forster_(entomologist),Q2544248,male,76,,2012.0
Scientist,Walter_Frederick_Ferrier,Q7964876,male,0,,2004.0
Scientist,Walter_Frederick_Whittard,Q7964880,male,0,,2009.0
Scientist,Walter_Freudenthal,Q23871001,male,59,,2018.0
Scientist,Walter_Fricke,Q969962,male,109,,2016.0
Scientist,Walter_Fuchs_(Chemiker),,,0,,
Scientist,Walter_G._Url,Q71334394,male,92,,2019.0
Scientist,Walter_G._Vincenti,Q75356566,,102,,2020.0
Scientist,Walter_Garstang,Q6981017,male,81,,2007.0
Scientist,Walter_Gautschi,Q122705,male,0,,2008.0
Scientist,Walter_Gekelman,Q85259801,male,0,,2020.0
Scientist,Walter_Gerlach,Q61745,,0,,2019.0
Scientist,Walter_Gilbert,Q217486,male,92,,2001.0
Scientist,Walter_Gilbert,Q7964960,male,92,,2001.0
Scientist,Walter_Gordon_(physicist)__Walter_Gordon__1,,,131,,
Scientist,Walter_Gordy,Q7964982,male,76,,2012.0
Scientist,Walter_Gottschalk,Q7964986,male,0,,2012.0
Scientist,Walter_Greiling,Q108495,male,124,,2006.0
Scientist,Walter_Gröbli,Q37732838,male,51,,2018.0
Scientist,Walter_Guyton_Cady,Q552329,male,100,,2007.0
Scientist,Walter_H._Schottky,Q60347,male,138,,2003.0
Scientist,Walter_H._Stockmayer,Q904315,male,90,,2004.0
Scientist,Walter_Habicht,,,0,,
Scientist,Walter_Haeussermann,Q95663,male,96,,2010.0
Scientist,Walter_Hanisch,Q7965073,male,-23,,2011.0
Scientist,Walter_Haworth,,,0,,2011.0
Scientist,Walter_Hayman,Q2544677,male,94,,2011.0
Scientist,Walter_Heitler,Q60287,male,77,,2005.0
Scientist,Walter_Henry_Hartung,Q110346972,male,66,,2022.0
Scientist,Walter_Herrmann_(physicist),Q103842,male,77,,2008.0
Scientist,Walter_Heywood_Bryan,Q21608013,male,75,,2015.0
Scientist,Walter_Hieber,Q78170,male,81,,2006.0
Scientist,Walter_Hohmann,Q63941,male,144,,2004.0
Scientist,Walter_Hough,Q7965168,male,0,,2005.0
Scientist,Walter_Houser_Brattain,Q184577,male,85,,2001.0
Scientist,Walter_Hunziker,Q7965197,male,0,,2012.0
Scientist,Walter_Hückel,,,0,,
Scientist,Walter_Isard,Q1091476,male,0,,2007.0
Scientist,Walter_J._Dilling,Q15994401,male,64,,2014.0
Scientist,Walter_J._Gehring,,,0,,2007.0
Scientist,Walter_Jacobi,Q7965247,male,91,,2010.0
Scientist,Walter_Jakob_Gehring,Q118909,male,75,,2005.0
Scientist,Walter_Joel_Harrington,,,0,,
Scientist,Walter_Kaufmann_(physicist),Q64978,male,76,,2006.0
Scientist,Walter_Kauzmann,Q3820844,male,93,,2007.0
Scientist,Walter_Kidde,Q7965356,male,66,,2006.0
Scientist,Walter_Kistler,Q3565800,male,0,,2005.0
Scientist,Walter_Knödel,Q15715803,male,0,,2014.0
Scientist,Walter_Kohn,Q78510,male,93,,2004.0
Scientist,Walter_Krämer,Q2545187,male,76,,2014.0
Scientist,Walter_Kutschera,Q7965386,male,0,,2012.0
Scientist,Walter_L._Miller_(endocrinologist),Q30122878,male,0,,2017.0
Scientist,Walter_L._Smith,,,0,,2013.0
Scientist,Walter_LaFeber,Q4255281,male,91,,2004.0
Scientist,Walter_Landauer,Q94654294,male,82,,2016.0
Scientist,Walter_Langdon-Brown,Q13422517,male,154,,2006.0
Scientist,Walter_Leal,Q28823512,male,70,,2017.0
Scientist,Walter_Lear,Q20737696,male,87,,2015.0
Scientist,Walter_Ledermann,Q2545334,male,98,,2011.0
Scientist,Walter_Lee_Gaines,Q110267149,male,0,,2021.0
Scientist,Walter_Leighton,,,0,,
Scientist,Walter_Lenkeit,Q28935696,male,86,,2017.0
Scientist,Walter_Lewin,Q726728,male,88,,2005.0
Scientist,Walter_Lewis_Baily_Jr.,Q15453052,male,83,,2018.0
Scientist,Walter_Licht,Q2545365,male,78,,2014.0
Scientist,Walter_M._Elsasser,Q64550,male,120,,2005.0
Scientist,Walter_M._Fitch,Q2545465,male,82,,2006.0
Scientist,"Walter_Marshall,_Baron_Marshall_of_Goring",Q2271991,male,92,,2007.0
Scientist,Walter_Mauderli,Q7965576,male,81,,2006.0
Scientist,Walter_McAfee,Q7965581,male,110,,2006.0
Scientist,Walter_McCrone,Q345775,male,86,,2004.0
Scientist,Walter_Mebane,Q7965610,male,66,,2009.0
Scientist,Walter_Metcalf_(chemist),Q7966134,male,90,,2012.0
Scientist,Walter_Migula,Q73247,male,75,,2009.0
Scientist,Walter_Minder,Q7965647,male,87,,2009.0
Scientist,Walter_Mischel,Q215978,male,88,,2006.0
Scientist,Walter_Morley_Fletcher,Q7965675,male,60,,2006.0
Scientist,Walter_Mulford,Q21856492,male,0,,2015.0
Scientist,Walter_Munk,Q113081,male,102,,2005.0
Scientist,Walter_Murray_Wonham,Q1325786,male,0,,2019.0
Scientist,Walter_Myers_(physician),Q18915223,male,29,,2015.0
Scientist,Walter_Noddack,Q62714,male,67,,2005.0
Scientist,Walter_Noll,Q1403491,,92,,2007.0
Scientist,Walter_O._Snelling,Q7965741,male,85,,2008.0
Scientist,Walter_Oelert,Q102300,male,82,,2009.0
Scientist,Walter_Orr_Roberts,Q7965750,male,75,,2006.0
Scientist,Walter_Peeters,Q47546059,male,74,,2017.0
Scientist,Walter_Petryshyn,,,0,,
Scientist,Walter_Pitts,Q705010,male,46,,2003.0
Scientist,Walter_Prozialeck,Q76335074,male,0,,2019.0
Scientist,Walter_Quarry_Wood,Q96354635,male,70,,2019.0
Scientist,Walter_R._Evans,Q556579,male,79,,2008.0
Scientist,Walter_R._Miles,,,0,,2015.0
Scientist,Walter_R._Nickel,Q7965898,male,117,,2009.0
Scientist,Walter_Ransom_Gail_Baker,Q5969501,male,68,,2006.0
Scientist,Walter_Reppe,Q68368,male,77,,2007.0
Scientist,Walter_Richard_Miles,Q2545869,male,93,,2014.0
Scientist,Walter_Riedel,Q622702,male,66,,2007.0
Scientist,Walter_Rogowski,Q86488,male,66,,2006.0
Scientist,Walter_Rudin,Q470503,male,89,,2006.0
Scientist,Walter_Rudolf_Hess,Q115470,male,92,,2004.0
Scientist,Walter_S._Huxford,Q7966040,male,132,,2008.0
Scientist,Walter_Samuel_Hunter,Q15998522,male,135,,2013.0
Scientist,Walter_Savitch,Q92656,male,78,,2005.0
Scientist,Walter_Scheidel,Q15429053,female,58,,2010.0
Scientist,Walter_Scheidel,Q15436027,male,58,,2010.0
Scientist,Walter_Scheidel,Q88032516,,58,,2010.0
Scientist,Walter_Schnee,Q90640,male,0,,2012.0
Scientist,Walter_Seelmann-Eggebert,Q91383,male,73,,2009.0
Scientist,Walter_Selke,Q97728,,77,,2008.0
Scientist,Walter_Sidney_Metcalf,,,0,,2021.0
Scientist,Walter_Simon_(sinologist),Q74336,male,131,,2006.0
Scientist,Walter_Somerville,Q17403910,male,92,,2014.0
Scientist,Walter_Stanley_Haines,Q62901775,male,73,,2019.0
Scientist,Walter_Stephen_Judd,Q2619740,,0,,2014.0
Scientist,Walter_Stothers,,,0,,
Scientist,Walter_Strauss,,,0,,
Scientist,Walter_Sutton,Q964571,,39,,2004.0
Scientist,Walter_Sydney_Adams,Q312806,male,80,,2004.0
Scientist,Walter_Taylor_(archaeologist),Q3562723,,0,,2005.0
Scientist,Walter_Taylor_(mathematician),Q7966266,male,-281,,2009.0
Scientist,Walter_Tennyson_Swingle,Q378863,male,81,,2006.0
Scientist,Walter_Thiel_(chemist),Q109205,male,70,,2009.0
Scientist,Walter_Thirring,Q114036,male,87,,2006.0
Scientist,Walter_Thomas_James_Morgan,Q2545552,male,103,,2006.0
Scientist,Walter_Thompson_Welford,Q16509468,male,108,,2019.0
Scientist,Walter_Tollmien,Q87520,,0,,2006.0
Scientist,Walter_Van_Fleet,Q16941758,male,65,,2016.0
Scientist,Walter_W._Granger,Q2546681,male,69,,2007.0
Scientist,Walter_Wahli,Q56862962,male,78,,2019.0
Scientist,Walter_Weizel,Q100231,male,0,,2008.0
Scientist,Walter_Weldon,Q440666,male,53,,2007.0
Scientist,Walter_Whiteley,Q21822490,male,0,,2015.0
Scientist,Walter_Wilczynski,Q40675750,male,68,,2017.0
Scientist,Walter_Willett,Q1133904,male,79,,2006.0
Scientist,Walter_Zander,Q7966477,male,0,,2009.0
Scientist,Walter_Zinn,Q712154,male,94,,2006.0
Scientist,Walter_de_Heer,Q7966509,male,0,,2009.0
Scientist,Walther_Bothe,Q76474,male,66,,2003.0
Scientist,Walther_Enkerlin,Q89878187,male,64,,2020.0
Scientist,Walther_Flemming,Q60423,male,181,,2005.0
Scientist,Walther_Franz_Anton_von_Dyck,,,0,,2004.0
Scientist,Walther_Gerlach,Q61745,male,90,,2004.0
Scientist,Walther_Hesse,Q90373,male,65,,2005.0
Scientist,Walther_Horn,Q4499960,male,68,,2007.0
Scientist,Walther_Kossel,Q77542,male,136,,2006.0
Scientist,Walther_Kranz,Q67863,male,0,,2006.0
Scientist,Walther_Meissner,Q61686,male,92,,2005.0
Scientist,Walther_Nernst,Q57125,male,77,,2002.0
Scientist,Walther_Penck,Q75913,male,35,,2004.0
Scientist,Walther_Ritz,Q124079,male,31,,2004.0
Scientist,Walton_T._Roth,Q7966787,male,85,,2012.0
Scientist,Waman_Dattatreya_Patwardhan,Q7966898,male,90,,2009.0
Scientist,Wan_Yanhai,Q726704,male,61,,2007.0
Scientist,Wanda_Díaz-Merced,Q41570105,female,0,,2017.0
Scientist,Wanda_Gass,Q24589739,female,0,,2016.0
Scientist,Wanda_Kirkbride_Farr,Q15920922,female,88,,2006.0
Scientist,Wanda_Orlikowski,Q14102,female,0,,2005.0
Scientist,Wanda_Szczawińska,Q48866850,female,158,,2022.0
Scientist,Wanda_Szmielew,Q1606268,female,58,,2016.0
Scientist,Wanda_Wesołowska,Q3566021,female,0,,2017.0
Scientist,Wanda_Zabłocka,Q4815175,female,124,,2007.0
Scientist,Wander_Johannes_de_Haas,Q761883,male,82,,2005.0
Scientist,Wander_Lowie,Q47542423,male,65,,2018.0
Scientist,Wander_de_Haas,,,0,,2005.0
Scientist,Wang-Chiew_Tan,Q18618595,female,0,,2018.0
Scientist,Wang_Buxuan,Q9316253,male,97,,2019.0
Scientist,Wang_Chi_(scientist),Q76234725,male,0,,2019.0
Scientist,Wang_Dezhao,Q11136720,male,93,,2019.0
Scientist,Wang_Ganchang,Q709878,male,91,,2007.0
Scientist,Wang_Guangfa,Q85882549,male,0,,2020.0
Scientist,Wang_Gungwu,Q696748,male,94,,2004.0
Scientist,Wang_Guofa_(engineer),Q48936253,male,64,,2021.0
Scientist,Wang_Hanzhong,Q60992747,male,61,,2021.0
Scientist,Wang_Hongfei,Q46142086,male,0,,2019.0
Scientist,Wang_Huaimin,Q78123169,male,0,,2019.0
Scientist,Wang_Huanyu,Q58321216,male,64,,2018.0
Scientist,Wang_Jian_(computer_scientist),Q83361264,male,0,,2020.0
Scientist,Wang_Jinnan,Q47691206,male,62,,2021.0
Scientist,Wang_Jun_(physician),Q78123185,male,0,,2020.0
Scientist,Wang_Junzhi,Q83617116,male,0,,2020.0
Scientist,Wang_Linfang,Q60992963,female,93,,2022.0
Scientist,Wang_Mengshu,Q9315172,male,80,,2018.0
Scientist,Wang_Qi_(engineer),Q67934181,female,75,,2024.0
Scientist,Wang_Qi_(physician),Q9315660,male,0,,2020.0
Scientist,Wang_Qiao_(engineer),Q83795956,male,67,,2020.0
Scientist,Wang_Qiming,Q113288913,male,48,,2022.0
Scientist,Wang_Qiuliang,Q76240961,male,0,,2019.0
Scientist,Wang_Rui_(pharmacologist),Q51079003,male,61,,2021.0
Scientist,Wang_Shafei,Q47672236,male,60,,2021.0
Scientist,Wang_Shanyuan,Q16905946,male,74,,2021.0
Scientist,Wang_Shizhen_(physician),Q9185449,male,100,,2016.0
Scientist,Wang_Shouguan,Q9066548,male,98,,2021.0
Scientist,Wang_Shuangfei,Q109643565,male,0,,2021.0
Scientist,Wang_Shuangming,Q47671839,male,69,,2021.0
Scientist,Wang_Songling,Q16906081,male,0,,2019.0
Scientist,Wang_Wei_(physicist),Q8464300,male,87,,2021.0
Scientist,Wang_Weiqi,Q60992939,male,83,,2022.0
Scientist,Wang_Wencai,Q4103197,male,96,,2022.0
Scientist,Wang_Xiaomo,Q9058490,male,86,,2018.0
Scientist,Wang_Xuan,Q92987,male,69,,2024.0
Scientist,Wang_Yangyuan,Q8462398,male,89,,2021.0
Scientist,Wang_Yanyi,Q85195939,female,0,,2020.0
Scientist,Wang_Yaonan,Q83839246,male,0,,2020.0
Scientist,Wang_Yening,Q9312243,female,93,,2019.0
Scientist,Wang_Yifang,Q21503488,male,0,,2016.0
Scientist,Wang_Yinglai,Q7219392,male,94,,2018.0
Scientist,Wang_Yongzhi,Q711807,male,92,,2006.0
Scientist,Wang_Yuan_(mathematician),Q2601552,male,91,,2008.0
Scientist,Wang_Yunmin,Q84308502,male,0,,2020.0
Scientist,Wang_Zaoshi,Q11573222,male,68,,2016.0
Scientist,Wang_Zeshan,Q47174169,male,89,,2018.0
Scientist,Wang_Zhenguo,Q104723146,male,64,,2021.0
Scientist,Wang_Zhenyi,Q7967775,male,100,,2006.0
Scientist,Wang_Zherong,Q47671099,male,87,,2022.0
Scientist,Wang_Zhizhen,Q8248875,female,82,,2016.0
Scientist,Wang_Zhongcheng,Q7967779,male,87,,2009.0
Scientist,Wang_Zhongshu,Q3566119,male,90,,2013.0
Scientist,Wang_Zhuxi,Q7967783,male,0,,2008.0
Scientist,Wanga_Zembe-Mkabile,Q106390948,female,0,,2021.0
Scientist,Wanxiong_Shi,Q102169825,male,61,,2022.0
Scientist,Ward_Cates,Q104102578,male,82,,2020.0
Scientist,Ward_Plummer,Q7969063,male,84,,2007.0
Scientist,Ward_V._Evans,Q21664398,male,77,,2015.0
Scientist,Ward_Whitt,Q7969085,male,0,,2011.0
Scientist,Warder_Clyde_Allee,Q1354728,male,70,,2005.0
Scientist,Warfield_Theobald_Longcope,Q55720058,male,76,,2019.0
Scientist,Warner_Brown,,,0,,
Scientist,Warner_T._Koiter,Q1339164,male,0,,2005.0
Scientist,Warren_Abrahamson,Q30069481,male,0,,2017.0
Scientist,Warren_Ambrose,Q7585560,male,81,,2006.0
Scientist,Warren_B._Mori,Q97630190,male,65,,2020.0
Scientist,Warren_Bickel,Q88425570,male,0,,2020.0
Scientist,Warren_Buck,Q113568630,male,78,,2022.0
Scientist,Warren_Chan,Q20006825,male,0,,2015.0
Scientist,Warren_D._Huff,Q7970154,male,87,,2004.0
Scientist,Warren_D._Niederhauser,Q111568128,male,87,,2022.0
Scientist,Warren_E._Dixon,Q7970165,male,0,,2010.0
Scientist,Warren_Elliot_Henry,Q19430198,male,92,,2015.0
Scientist,Warren_Ewens,Q7970182,male,87,,2005.0
Scientist,Warren_Gish,Q7970224,male,0,,2007.0
Scientist,Warren_H._Wagner,Q2983586,male,80,,2004.0
Scientist,Warren_Harmon_Lewis,Q21664681,male,154,,2015.0
Scientist,Warren_Hirsch,,,0,,
Scientist,Warren_J._Smith,Q7970300,male,102,,2009.0
Scientist,Warren_Keith_Sinclair,Q17400792,male,90,,2014.0
Scientist,Warren_L._McCabe,Q5908331,male,83,,2014.0
Scientist,Warren_Lyford_DeLano,Q1542596,male,37,,2005.0
Scientist,Warren_M._Washington,Q7970372,male,88,,2009.0
Scientist,Warren_Marrison,Q16857896,male,84,,2021.0
Scientist,Warren_S._Brown,Q7970463,male,80,,2007.0
Scientist,Warren_S._Warren,Q16186945,male,69,,2011.0
Scientist,Warren_Samuel_Fisher,Q7970470,male,0,,2012.0
Scientist,Warren_Samuels,Q4407140,male,78,,2008.0
Scientist,Warren_Semon,,,0,,
Scientist,Warren_Sturgis_McCulloch,Q962174,male,71,,2002.0
Scientist,Warren_Teitelman,Q7970519,male,-11,,2007.0
Scientist,Warren_Winkelstein,Q7970600,male,90,,2010.0
Scientist,Warren_Zapol,Q29548401,male,0,,2017.0
Scientist,Warrick_Clarke,,,0,,
Scientist,Warrick_Couch,Q19872563,male,0,,2015.0
Scientist,Warrington_Yorke,Q15994854,male,60,,2013.0
Scientist,Warwick_L._Nicholas,Q111383013,male,84,,2022.0
Scientist,Warwick_P._Bowen,,,0,,
Scientist,Warwick_Tucker,Q2550074,male,0,,2015.0
Scientist,Washington_Matthews,Q7972041,male,62,,2009.0
Scientist,Washington_Taylor,,,0,,
Scientist,Washington_Yotto_Ochieng,Q61918909,male,0,,2019.0
Scientist,Wassilij_Höffding,,,0,,2015.0
Scientist,Wassily_Hoeffding,Q323204,male,77,,2005.0
Scientist,Wassily_Leontief,Q44061,male,94,,2003.0
Scientist,Wassim_Michael_Haddad,Q7972776,male,63,,2013.0
Scientist,Water_supply_and_women_in_developing_countries,Q7973398,,0,,2012.0
Scientist,Watson_Cheyne,Q1235523,male,172,,2006.0
Scientist,Watts_Humphrey,Q92848,male,83,,2004.0
Scientist,Waverly_Person,Q98971968,male,96,,2020.0
Scientist,Way_Kuo,Q58329344,,73,,2009.0
Scientist,Way_Kuo,Q8979628,male,73,,2009.0
Scientist,Wayne_A._Cornelius,Q7975997,male,79,,2009.0
Scientist,Wayne_B._Nottingham_Prize,Q7976024,,0,,2007.0
Scientist,Wayne_Besen,Q2553021,male,54,,2005.0
Scientist,Wayne_Denis_Hall,Q7976180,male,0,,2008.0
Scientist,Wayne_Fuller,Q2553060,male,93,,2009.0
Scientist,Wayne_Goodman,Q20740908,male,0,,2015.0
Scientist,Wayne_H._Holtzman,Q16915754,male,96,,2014.0
Scientist,Wayne_Hendrickson,Q2553062,male,83,,2011.0
Scientist,Wayne_L._Hubbell,Q7976400,male,81,,2006.0
Scientist,Wayne_M._Meyers,Q16089954,male,94,,2011.0
Scientist,Wayne_Maddison,Q4018599,male,0,,2011.0
Scientist,Wayne_Osgood,Q33111804,male,0,,2017.0
Scientist,Wayne_Parrott,Q22096185,male,0,,2015.0
Scientist,Wayne_Raskind,,,0,,
Scientist,Wayne_Snyder,Q18155616,male,0,,2014.0
Scientist,Wayne_Sousa,Q7976628,male,0,,2007.0
Scientist,Wayne_Velicer,Q87720985,male,73,,2022.0
Scientist,Wayne_Visser,Q7976748,male,54,,2012.0
Scientist,Wayne_Yokoyama,Q30069501,male,0,,2017.0
Scientist,Weak_ordering,Q1414271,,0,,2004.0
Scientist,Wealthy_Babcock,Q21607990,female,95,,2015.0
Scientist,Webb_Miller,Q12061804,male,0,,2007.0
Scientist,Webb_Miller,Q7978667,male,0,,2007.0
Scientist,Webster_Cavenee,Q27916388,male,0,,2016.0
Scientist,Webster_Wells,Q7978979,male,173,,2011.0
Scientist,Wee_Liang_Gan,,,0,,
Scientist,Wei-Liang_Chow,Q2554748,male,84,,2005.0
Scientist,Wei-Shau_Hu,Q98470219,female,0,,2020.0
Scientist,Wei-Shou_Hu,Q20631240,male,73,,2015.0
Scientist,Wei-min_Hao,Q15927078,male,71,,2020.0
Scientist,Wei_Biao_Wu,Q68486603,male,0,,2019.0
Scientist,Wei_Gao_(engineer),Q113450528,,0,,2022.0
Scientist,Wei_Ho,Q102395575,female,0,,2021.0
Scientist,Wei_Ji_Ma,Q43388581,male,0,,2017.0
Scientist,Wei_Le,,,0,,
Scientist,Wei_Lijie_(scientist),Q24851883,female,50,,2016.0
Scientist,Wei_Wang_(computer_scientist),Q96221056,female,0,,2020.0
Scientist,Wei_Yan_(biologist),Q48977213,male,0,,2017.0
Scientist,Wei_Yiyin,Q83839102,male,0,,2020.0
Scientist,Wei_Zhang_(mathematician),Q8462959,male,0,,2015.0
Scientist,Weierstrass,,,0,,2003.0
Scientist,Weierstraß,,,0,,2006.0
Scientist,Weijian_Wang,,,0,,
Scientist,Weijian_Zhou,Q9121289,female,0,,2021.0
Scientist,Weinan_E,Q1276655,male,0,,2011.0
Scientist,Weldon_B._Gibson,Q7980888,male,84,,2011.0
Scientist,Welington_de_Melo,Q4121043,male,70,,2010.0
Scientist,Welton_Taylor,Q63374583,male,93,,2021.0
Scientist,Wen-Hsiung_Li,Q1374953,male,82,,2006.0
Scientist,Wen-hsin_Yeh,,,0,,
Scientist,Wen-mei_Hwu,Q7982221,male,0,,2006.0
Scientist,Wen_Fong,Q15127528,,0,,2018.0
Scientist,Wen_Fubo,Q16905188,male,95,,2020.0
Scientist,Wen_Ho_Lee,Q8982093,male,85,,2003.0
Scientist,Wen_Li_(space_physicist),Q108542388,female,0,,2021.0
Scientist,Wen_Shengchang,Q9144871,male,101,,2022.0
Scientist,Wen_Yumei,Q30950087,female,90,,2019.0
Scientist,Wenceslaus_Johann_Gustav_Karsten,Q99551,male,55,,2011.0
Scientist,Wenche_Barth_Eide,Q16092636,female,89,,2013.0
Scientist,Wendelin_Werner,Q164369,male,56,,2006.0
Scientist,Wendell_Fleming,Q2559018,male,96,,2012.0
Scientist,Wendell_Furry,,,0,,2008.0
Scientist,Wendell_Gilley,Q7982423,male,0,,2006.0
Scientist,Wendell_Holmes_Camp,Q21506896,male,0,,2019.0
Scientist,Wendell_Lim,Q7982449,male,0,,2012.0
Scientist,Wendell_Meredith_Stanley,Q105937,,67,,2004.0
Scientist,Wendell_Mitchell_Latimer,Q7982457,male,62,,2007.0
Scientist,Wendell_Phillips_(archaeologist),Q2559036,male,0,,2019.0
Scientist,Wendi_Roe,Q88630517,,0,,2021.0
Scientist,Wendy_Atkin,Q43256547,female,71,,2018.0
Scientist,Wendy_Barclay,Q20005716,female,0,,2015.0
Scientist,Wendy_Bickmore,Q20758215,female,63,,2015.0
Scientist,Wendy_Brewster,Q86372978,female,0,,2020.0
Scientist,Wendy_Burn,Q50376647,female,0,,2019.0
Scientist,Wendy_Doniger,Q1058154,female,84,,2005.0
Scientist,Wendy_Ewart,Q15994429,female,0,,2013.0
Scientist,Wendy_Flavell,Q50542226,female,63,,2018.0
Scientist,Wendy_Griswold,Q28229624,female,0,,2016.0
Scientist,Wendy_Hall,Q11626,female,72,,2007.0
Scientist,Wendy_Henderson,Q49449639,female,0,,2021.0
Scientist,Wendy_Hoy,Q37831174,female,0,,2019.0
Scientist,Wendy_Johnson,Q56248446,female,69,,2018.0
Scientist,Wendy_Kellogg,Q20675555,female,0,,2015.0
Scientist,Wendy_Larner,Q35497866,female,0,,2017.0
Scientist,Wendy_Lawson,Q55637533,female,0,,2018.0
Scientist,Wendy_Lee_Queen,Q40221604,female,0,,2020.0
Scientist,Wendy_Mackay,Q47289503,female,68,,2018.0
Scientist,Wendy_Mao,Q94960052,female,0,,2021.0
Scientist,Wendy_Moe,Q24239045,female,0,,2016.0
Scientist,Wendy_Nelson_(marine_scientist),Q21522053,female,0,,2017.0
Scientist,Wendy_Rahn,Q86250514,female,0,,2020.0
Scientist,Wendy_Rogers_(academic),Q42412431,female,0,,2016.0
Scientist,Wendy_Russell_Reves,Q7982777,female,91,,2005.0
Scientist,Wendy_Savage,Q7982780,female,0,,2010.0
Scientist,Wendy_Slutske,Q67516488,female,0,,2019.0
Scientist,Wendy_Suzuki,Q56065068,female,0,,2018.0
Scientist,Wendy_Taylor_(physicist),Q52585509,female,0,,2018.0
Scientist,Wendy_Young,Q58198560,female,0,,2018.0
Scientist,Wenfei_Fan,Q19560455,male,0,,2015.0
Scientist,Weng_Cho_Chew,Q20062724,male,0,,2019.0
Scientist,Weng_Chow,,,0,,
Scientist,Wengyik_Yeong,Q7982864,male,58,,2007.0
Scientist,Wentian_Li,Q7982983,male,0,,2013.0
Scientist,Wentworth_Erck,Q46103729,male,63,,2017.0
Scientist,Wenxin_Jiang,,,0,,
Scientist,Wenying_Zhuang,Q9134331,female,76,,2013.0
Scientist,Werner_Arber,Q115495,male,95,,2004.0
Scientist,Werner_Boy,Q71792,male,35,,2005.0
Scientist,Werner_Callebaut,Q19359538,male,62,,2014.0
Scientist,Werner_Dahm,Q100268,male,91,,2008.0
Scientist,Werner_E._Reichardt,Q108246,male,68,,2010.0
Scientist,Werner_Emmanuel_Bachmann,Q131859,male,123,,2004.0
Scientist,Werner_Fenchel,Q1820746,male,83,,2006.0
Scientist,Werner_Fieger,,,0,,
Scientist,Werner_Fischer_(crystallographer),Q15854039,male,93,,2022.0
Scientist,Werner_Forssmann,Q77152,male,75,,2003.0
Scientist,Werner_Franke,Q42806791,,82,,2006.0
Scientist,Werner_Franke,Q95624,male,82,,2006.0
Scientist,Werner_Gysin,Q7983400,male,0,,2012.0
Scientist,Werner_H._Bloss,Q16013369,male,-29,,2013.0
Scientist,Werner_Hartmann_(physicist),Q111033,male,0,,2008.0
Scientist,Werner_Hegemann,Q318011,male,55,,2004.0
Scientist,Werner_Heisenberg,Q40904,male,75,,2001.0
Scientist,Werner_Hildenbrand,Q91640,male,88,,2007.0
Scientist,Werner_Israel,Q495860,male,91,,2005.0
Scientist,Werner_Jaeger,Q61882,male,0,,2004.0
Scientist,Werner_Kollath,Q96071,male,78,,2011.0
Scientist,Werner_Kuers,Q105205515,male,117,,2021.0
Scientist,Werner_Landgraf,Q77963,male,65,,2012.0
Scientist,Werner_Leibbrand,Q113039,male,0,,2009.0
Scientist,Werner_Leinfellner,Q7983445,male,89,,2012.0
Scientist,Werner_Lütkebohmert,,,0,,
Scientist,Werner_Meißner,Q1470121,male,87,,2021.0
Scientist,Werner_Meyer-König,,,0,,
Scientist,Werner_Müller-Esterl,Q2562106,male,76,,2021.0
Scientist,Werner_Nahm,Q1515185,male,75,,2014.0
Scientist,Werner_Rolfinck,Q85654,male,74,,2008.0
Scientist,Werner_Romberg,Q1291561,male,94,,2017.0
Scientist,Werner_Römisch,Q102182394,male,77,,2021.0
Scientist,Werner_Sombart,Q58031,male,78,,2004.0
Scientist,Werner_Tochtermann,Q104677,male,0,,2009.0
Scientist,Werner_Urland,Q20704303,male,80,,2015.0
Scientist,Werner_Vogels,Q2536951,male,0,,2007.0
Scientist,Werner_Vogels__Werner_Vogels__1,,,66,,
Scientist,Werner_Werenskiold,Q1100906,male,78,,2011.0
Scientist,Werner_Wolfgang_Rogosinski,Q27373,male,70,,2011.0
Scientist,Werner_Zerweck,Q19667553,male,66,,2015.0
Scientist,Werner_Zoege_von_Manteuffel,Q445024,male,69,,2009.0
Scientist,Werner_von_Siemens,Q58577,male,76,,2002.0
Scientist,Wes_Jackson,Q248469,male,88,,2004.0
Scientist,Wes_Sandle,Q85997771,male,89,,2020.0
Scientist,Wesley_A._Clark,Q252554,male,89,,2004.0
Scientist,Wesley_E._Lanyon,Q21340680,male,91,,2020.0
Scientist,Wesley_Jennings,Q42305950,male,44,,2017.0
Scientist,Wesley_Kingston_Whitten,Q7983948,male,92,,2013.0
Scientist,Wesley_Newcomb,Q4019055,male,0,,2009.0
Scientist,Wesley_R._Elsberry,Q7983996,male,64,,2005.0
Scientist,Wesley_Wait,Q7984026,male,88,,2012.0
Scientist,Wesley_Wehr,Q7983865,male,88,,2011.0
Scientist,Wheeler_J._North,Q7992231,male,80,,2009.0
Scientist,Wheelton_Hind,Q18511755,male,-104,,2019.0
Scientist,Whendee_Silver,Q58424742,female,0,,2018.0
Scientist,White_coat,Q1354040,,0,,2005.0
Scientist,Whitehead_theorem,Q3527185,,0,,2004.0
Scientist,Whitfield_Diffie,Q462089,male,80,,2004.0
Scientist,Whitman_Richards,Q46992992,male,-8,,2017.0
Scientist,Whitney_Battle-Baptiste,Q47035414,female,0,,2017.0
Scientist,Whittier_C._Atkinson,Q113089704,male,98,,2022.0
Scientist,Wiebke_Drenckhan,Q24640452,female,47,,2019.0
Scientist,Wiesław_Binienda,Q9373431,male,68,,2016.0
Scientist,Wiesław_Masłowski,Q16203422,male,0,,2013.0
Scientist,Wiesław_Pawłucki,,,0,,
Scientist,Wiesława_Nizioł,Q20744109,female,0,,2015.0
Scientist,Wietse_Venema,Q92973,male,0,,2004.0
Scientist,Wiktor_Eckhaus,Q15727806,male,70,,2014.0
Scientist,Wiktor_Jankowski,,,0,,
Scientist,Wil_Roebroeks,Q1933482,male,69,,2009.0
Scientist,Wil_van_der_Aalst,Q6524086,male,58,,2009.0
Scientist,Wilberd_van_der_Kallen,Q107425793,male,0,,2021.0
Scientist,Wilbert_H._Hass,Q25343473,male,0,,2016.0
Scientist,Wilbert_J._McKeachie,Q16088954,male,98,,2013.0
Scientist,Wilbur_B._Rayton,Q8000151,male,0,,2009.0
Scientist,Wilbur_Cortez_Abbott,Q8000161,male,78,,2005.0
Scientist,Wilbur_Davenport,Q8000172,male,0,,2006.0
Scientist,Wilbur_Howard_Duncan,Q3568093,male,95,,2009.0
Scientist,Wilbur_Olin_Atwater,Q4019759,male,0,,2007.0
Scientist,Wilbur_Zelinsky,Q4190499,male,0,,2005.0
Scientist,Wilcomb_E._Washburn,Q8000298,male,-27,,2012.0
Scientist,Wilder_Penfield,Q711394,male,85,,2003.0
Scientist,Wilf_Malcolm,Q57162108,male,85,,2018.0
Scientist,Wilfred_Buck,Q98380835,male,0,,2020.0
Scientist,Wilfred_Kincaid,,,0,,
Scientist,Wilfred_Trotter,Q2571058,male,67,,2006.0
Scientist,Wilfrid_Derome,Q5157946,male,54,,2007.0
Scientist,Wilfrid_Dixon,Q2571062,male,109,,2015.0
Scientist,Wilfrid_Eggleston__Wilfrid_Eggleston__1,,,85,,
Scientist,Wilfrid_George_Kendrew,Q56665466,male,78,,2018.0
Scientist,Wilfrid_Hodges,Q451634,male,83,,2005.0
Scientist,Wilfrid_Kendall,Q17020406,male,70,,2014.0
Scientist,Wilfrid_Le_Gros_Clark,Q3468429,male,76,,2006.0
Scientist,Wilfrid_Noel_Bond,Q15994313,male,40,,2014.0
Scientist,Wilfrid_Norman_Bailey,Q8001972,male,68,,2008.0
Scientist,Wilfrid_Payne,Q47490446,male,84,,2018.0
Scientist,Wilfrid_Rall,Q588766,male,96,,2007.0
Scientist,Wilfried_Brauer,Q92889,male,87,,2009.0
Scientist,Wilfried_Feichtinger,Q2571164,male,71,,2021.0
Scientist,Wilfried_Rosendahl,Q107175339,male,0,,2021.0
Scientist,Wilfried_Schmid,Q2571354,male,81,,2009.0
Scientist,Wilfried_von_Bredow,,,0,,
Scientist,Wilhelm_Ackermann,Q61037,male,66,,2002.0
Scientist,Wilhelm_Altar,Q16002686,male,95,,2013.0
Scientist,Wilhelm_Anderson,Q477300,male,-84,,2007.0
Scientist,Wilhelm_August_Lampadius,Q89183,male,0,,2015.0
Scientist,Wilhelm_Beer,Q60133,male,53,,2004.0
Scientist,Wilhelm_Bernhard,,,0,,
Scientist,Wilhelm_Biltz,Q102492,male,66,,2008.0
Scientist,Wilhelm_Blaschke,Q79078,male,77,,2004.0
Scientist,Wilhelm_Cauer,Q91635,male,45,,2006.0
Scientist,Wilhelm_Conrad_Röntgen,,,0,,2008.0
Scientist,Wilhelm_Dörpfeld,Q60239,male,87,,2005.0
Scientist,Wilhelm_Eduard_Weber,Q76707,male,87,,2003.0
Scientist,Wilhelm_Ferdinand_Erichson,Q65499,male,0,,2005.0
Scientist,Wilhelm_Fiedler,Q10843179,male,80,,2014.0
Scientist,Wilhelm_Fliess,Q68726,male,70,,2005.0
Scientist,Wilhelm_Franz_Meyer,Q126389,male,78,,2018.0
Scientist,Wilhelm_Friedrich_Karwinsky_von_Karwin,Q6167458,male,75,,2015.0
Scientist,Wilhelm_Gliese,Q64270,male,78,,2005.0
Scientist,Wilhelm_Gottlieb_Tilesius_von_Tilenau,Q55073307,male,88,,2011.0
Scientist,Wilhelm_Grube,Q68284,male,53,,2008.0
Scientist,Wilhelm_Haarmann,Q95222,male,84,,2008.0
Scientist,Wilhelm_Hallwachs,Q73060,male,63,,2010.0
Scientist,Wilhelm_Hanle,Q94038,male,123,,2008.0
Scientist,Wilhelm_Heinrich_Heintz,Q1599272,male,63,,2007.0
Scientist,Wilhelm_Heinrich_Waagen,Q2655440,male,0,,2005.0
Scientist,Wilhelm_Hellesen,Q8002190,male,56,,2007.0
Scientist,Wilhelm_Hemprich,Q62240,male,29,,2004.0
Scientist,Wilhelm_Henneberg,Q89250,male,65,,2007.0
Scientist,Wilhelm_His_Jr.,Q69526,male,71,,2004.0
Scientist,Wilhelm_His_Sr.,Q115601,male,73,,2007.0
Scientist,Wilhelm_Hisinger,Q900478,male,86,,2007.0
Scientist,Wilhelm_Hofmeister,Q215935,male,53,,2006.0
Scientist,Wilhelm_Johannsen,Q106962773,male,70,,2002.0
Scientist,Wilhelm_Johannsen,Q347272,male,70,,2002.0
Scientist,Wilhelm_Jordan_(geodesist),Q61747,male,57,,2004.0
Scientist,Wilhelm_Karl_Ritter_von_Haidinger,Q78686,male,76,,2004.0
Scientist,Wilhelm_Killing,Q77304,male,177,,2005.0
Scientist,Wilhelm_Klemm,Q95454,male,89,,2018.0
Scientist,Wilhelm_Klingenberg,Q95424,male,86,,2011.0
Scientist,Wilhelm_Klinkerfues,Q68175,male,57,,2004.0
Scientist,Wilhelm_Knop,Q68077,male,74,,2009.0
Scientist,Wilhelm_Kobelt,Q76224,male,76,,2007.0
Scientist,Wilhelm_Körner,Q65151,male,86,,2008.0
Scientist,Wilhelm_Kühne,Q76919,male,63,,2005.0
Scientist,Wilhelm_Lenz,Q638320,male,0,,2006.0
Scientist,Wilhelm_Lexis,Q64383,male,77,,2004.0
Scientist,Wilhelm_Loewenthal,Q23137487,male,44,,2015.0
Scientist,Wilhelm_Magnus,Q73012,male,0,,2006.0
Scientist,Wilhelm_Maribo_Schøyen,Q15177070,male,74,,2019.0
Scientist,Wilhelm_Meyerhoffer,Q11210857,male,42,,2008.0
Scientist,Wilhelm_Michler,Q71991,male,43,,2008.0
Scientist,Wilhelm_Mink,Q99909,male,0,,2007.0
Scientist,Wilhelm_Möllenkamp,Q8002252,male,0,,2009.0
Scientist,Wilhelm_Nikolaus_Suksdorf,Q3700186,male,82,,2015.0
Scientist,Wilhelm_Ostwald,Q12658,male,-92,,2002.0
Scientist,Wilhelm_Ramsay,Q983185,male,63,,2015.0
Scientist,Wilhelm_Roentgen,,,0,,2002.0
Scientist,Wilhelm_Roscher,,,0,,2004.0
Scientist,Wilhelm_Roux,Q61040,male,174,,2005.0
Scientist,Wilhelm_Rudolph_Fittig,Q62984,male,75,,2005.0
Scientist,Wilhelm_Röntgen,Q35149,male,78,,2002.0
Scientist,Wilhelm_Schallmayer,Q2574848,male,62,,2017.0
Scientist,Wilhelm_Schlenk,Q69571,male,64,,2005.0
Scientist,Wilhelm_Schlüter,Q8002293,male,0,,2009.0
Scientist,Wilhelm_Schur,Q96764,male,55,,2018.0
Scientist,Wilhelm_Siegmund_Frei,Q8002305,male,58,,2007.0
Scientist,Wilhelm_Sievers,Q67462,male,0,,2008.0
Scientist,Wilhelm_Specht,Q84762,male,0,,2009.0
Scientist,Wilhelm_Sulpiz_Kurz,Q2587569,male,44,,2008.0
Scientist,Wilhelm_Süss,Q77519,male,63,,2005.0
Scientist,Wilhelm_Traube,Q115370,male,76,,2006.0
Scientist,Wilhelm_Trendelenburg,Q88237,male,69,,2008.0
Scientist,Wilhelm_Uhthoff,Q84438,male,171,,2007.0
Scientist,Wilhelm_Ule,Q74071,male,163,,2012.0
Scientist,Wilhelm_Unverzagt,Q2575470,male,79,,2017.0
Scientist,Wilhelm_Vauck,Q50254759,male,72,,2018.0
Scientist,Wilhelm_Verwoerd,Q4019838,male,60,,2017.0
Scientist,Wilhelm_Walcher,Q91387,male,95,,2006.0
Scientist,Wilhelm_Weiss_(mathematician),Q61997249,male,45,,2019.0
Scientist,Wilhelm_Weygandt,Q215256,male,154,,2013.0
Scientist,Wilhelm_Wien,Q57068,male,64,,2002.0
Scientist,Wilhelm_Winkler,Q2575690,male,100,,2016.0
Scientist,Wilhelm_Wirtinger,Q78751,male,80,,2005.0
Scientist,Wilhelm_Wundt,Q75814,male,88,,2002.0
Scientist,Wilhelm_von_Biela,Q62336,male,74,,2004.0
Scientist,Wilhelm_von_Miller,,,0,,
Scientist,Wilhelmina_Iwanowska,Q421977,female,94,,2012.0
Scientist,Wilhelmine_Key,Q18912155,female,83,,2021.0
Scientist,Wilhelmus_Luxemburg,Q11102898,male,0,,2010.0
Scientist,Will_Casey,,,0,,
Scientist,Will_H._Moore,Q110042261,male,-7,,2022.0
Scientist,Will_Merry,,,0,,
Scientist,Will_Steffen,Q8003119,male,0,,2011.0
Scientist,Will_Wylie,,,0,,
Scientist,Willard_Boyle,Q73058,male,87,,2006.0
Scientist,Willard_Drake_Johnson,Q13521909,male,0,,2013.0
Scientist,Willard_Harrison_Bennett,Q1304255,male,121,,2004.0
Scientist,Willard_Johnson_(political_scientist),Q65564040,male,0,,2020.0
Scientist,Willard_Joseph_Chamberlin,Q21912100,male,0,,2016.0
Scientist,Willard_Libby,Q190486,male,72,,2003.0
Scientist,Willard_Nelson_Clute,Q8003467,male,155,,2009.0
Scientist,Willard_Parker_(surgeon),Q8003471,male,0,,2012.0
Scientist,Willard_Quine,,,0,,2004.0
Scientist,Willard_Webster_Eggleston,Q4529754,male,72,,2016.0
Scientist,Willebrord_Snellius,Q244152,male,46,,2003.0
Scientist,Willem_'s_Gravesande,Q1384858,male,336,,2004.0
Scientist,Willem_Abraham_Wythoff,Q440426,male,74,,2007.0
Scientist,Willem_Alberda_van_Ekenstein,Q2576696,male,79,,2008.0
Scientist,Willem_Anton_van_Vloten,Q2740179,male,83,,2012.0
Scientist,Willem_B._Drees,Q8003541,male,70,,2009.0
Scientist,Willem_Einthoven,Q189488,male,67,,2003.0
Scientist,Willem_Hendrik_Keesom,Q1356820,male,148,,2002.0
Scientist,Willem_Hendrik_de_Vriese,Q2101720,male,56,,2009.0
Scientist,Willem_Hendrik_van_den_Bos,Q2429387,male,78,,2004.0
Scientist,Willem_Jacob_Luyten,Q58961,male,95,,2004.0
Scientist,Willem_Johan_Kolff,Q700136,male,98,,2006.0
Scientist,Willem_Levelt,Q876888,male,86,,2013.0
Scientist,Willem_Meijer,Q8003586,male,0,,2007.0
Scientist,Willem_P._C._Stemmer,Q8003593,male,56,,2011.0
Scientist,Willem_Pleyte,Q1962883,male,67,,2012.0
Scientist,Willem_de_Sitter,Q313059,male,62,,2004.0
Scientist,Willem_van_Zeist,Q8003645,male,92,,2011.0
Scientist,Willem_van_der_Poel,Q3189981,male,98,,2007.0
Scientist,Willem_van_der_Woude,Q2214076,male,98,,2015.0
Scientist,Willemien_Kets,,,0,,
Scientist,Willetta_Greene-Johnson,Q52789275,female,67,,2018.0
Scientist,Willey_Glover_Denis,Q8003712,female,50,,2008.0
Scientist,Willgodt_Theophil_Odhner,Q2034582,male,179,,2004.0
Scientist,Willi_Dansgaard,Q1038902,male,89,,2004.0
Scientist,Willi_Hennig,Q57999,male,63,,2001.0
Scientist,Willi_Rinow,Q98031,male,0,,2013.0
Scientist,William_%22Sandy%22_Muir,,,0,,
Scientist,William_A._Anthony,,,0,,2010.0
Scientist,William_A._Bradfield,Q322706,male,87,,2008.0
Scientist,William_A._Catterall,Q1666427,male,78,,2015.0
Scientist,William_A._Edelstein,Q8003941,male,70,,2010.0
Scientist,William_A._Hagins,Q95685686,male,-12,,2020.0
Scientist,William_A._Haseltine,Q1417617,male,80,,2012.0
Scientist,William_A._Kammen,,,0,,
Scientist,William_A._Lester,Q113503130,male,0,,2022.0
Scientist,William_A._Martin,Q8003999,male,0,,2006.0
Scientist,William_A._Noyes,Q983814,male,84,,2006.0
Scientist,William_A._Petri,Q27663335,male,69,,2016.0
Scientist,William_A._Tilden,Q903994,male,84,,2006.0
Scientist,William_A._Veech,Q2580857,male,0,,2015.0
Scientist,William_A._Wallace_(organizational_theorist),Q8004073,male,0,,2011.0
Scientist,William_A._Wimsatt,Q8004083,male,68,,2012.0
Scientist,William_Aaron_Woods,Q8004092,male,82,,2010.0
Scientist,William_Addison_(physician),Q4019915,male,-143,,2010.0
Scientist,William_Aiton,Q465898,male,-231,,2003.0
Scientist,William_Albert_Bussing,Q21502599,male,91,,2023.0
Scientist,William_Albert_Setchell,Q6167550,male,79,,2018.0
Scientist,William_Aldren_Turner,Q55979213,male,81,,2018.0
Scientist,William_Alexander_Stewart,Q21130280,male,72,,2015.0
Scientist,William_Alfred_Fowler,Q46120,male,0,,2004.0
Scientist,William_Alfred_Fowler__William_Alfred_Fowler__1,,,84,,
Scientist,William_Alfred_Webb,Q8004315,male,58,,2010.0
Scientist,William_Alfred_Weber,Q4105706,male,102,,2007.0
Scientist,William_Alison,Q8756456,male,69,,2005.0
Scientist,William_Allan_(geneticist),Q8004328,male,0,,2009.0
Scientist,William_Allen_Miller,Q3098099,male,207,,2004.0
Scientist,William_Allen_Zajc,Q2577830,male,0,,2006.0
Scientist,William_Allis,Q8004374,male,123,,2007.0
Scientist,William_Alvin_Howard,Q2577855,male,0,,2005.0
Scientist,William_Andrew_Archer,Q8004431,male,79,,2011.0
Scientist,William_Andrew_Goddard_III,Q8004435,male,87,,2005.0
Scientist,William_Andrew_Paton,Q8004443,male,102,,2007.0
Scientist,William_Anthony_Granville,Q3710489,male,0,,2006.0
Scientist,William_Antônio_Rodrigues,Q6167561,male,0,,2019.0
Scientist,William_Archer_(naturalist),Q10426833,male,67,,2008.0
Scientist,William_Arthur_(mathematician),Q8004575,male,85,,2012.0
Scientist,William_Arthur_Smeaton,Q3568396,male,77,,2020.0
Scientist,William_Ashbrook_Kellerman,Q8004607,male,0,,2008.0
Scientist,William_Aspdin,Q8004630,male,49,,2006.0
Scientist,William_Astbury,Q562321,male,63,,2005.0
Scientist,William_August_Schulze,Q106504739,male,119,,2021.0
Scientist,William_Ayres_(mathematician),,,0,,
Scientist,William_B._Bridges,Q8004759,male,0,,2009.0
Scientist,William_B._Gragg,Q18686443,male,80,,2014.0
Scientist,William_B._Greenough_III,Q2579004,male,92,,2018.0
Scientist,William_B._Kouwenhoven,Q1589796,male,89,,2007.0
Scientist,William_B._Lawson,Q37829171,male,0,,2022.0
Scientist,William_B._Tolman,Q30501847,male,63,,2017.0
Scientist,William_B._Wiegand,Q18156898,male,0,,2014.0
Scientist,William_Baeuerlen,Q62088127,male,77,,2021.0
Scientist,William_Baldwin_(botanist),Q787698,male,40,,2009.0
Scientist,William_Barnes_(entomologist),Q22112057,male,70,,2019.0
Scientist,William_Barron_Coutts,Q21664318,male,61,,2015.0
Scientist,William_Bartram,Q18243,male,84,,2003.0
Scientist,William_Bascom,Q5566812,male,69,,2007.0
Scientist,William_Bates_(physician),Q512902,male,71,,2004.0
Scientist,William_Bateson,Q297302,male,65,,2004.0
Scientist,William_Baumol,Q520631,male,95,,2004.0
Scientist,William_Bayliss,Q594936,male,64,,2005.0
Scientist,William_Beaumont,Q2310945,male,68,,2004.0
Scientist,William_Beavis,Q66314456,male,0,,2019.0
Scientist,William_Beckner_(mathematician),Q8005305,male,83,,2011.0
Scientist,William_Beebe,Q956868,male,85,,2003.0
Scientist,William_Benham_(zoologist),Q8005629,male,90,,2012.0
Scientist,William_Bennett_Bean,Q8005412,male,80,,2006.0
Scientist,William_Benoit,Q60602622,male,71,,2019.0
Scientist,William_Berg_(classicist),Q96195290,male,83,,2020.0
Scientist,William_Berryman_Scott,Q1386439,male,88,,2006.0
Scientist,William_Bertram_Turrill,Q2351077,male,71,,2008.0
Scientist,William_Best_Hesseltine,,,0,,
Scientist,William_Bevan_(psychologist),Q18619002,male,85,,2014.0
Scientist,William_Bialek,Q8005525,male,64,,2010.0
Scientist,William_Blair-Bell,Q8005601,male,65,,2012.0
Scientist,William_Blakely,Q8005619,male,-83,,2010.0
Scientist,William_Bleckwenn,Q8005631,male,70,,2009.0
Scientist,William_Boon,Q21166822,male,83,,2016.0
Scientist,William_Boone_(mathematician),Q8005704,male,63,,2012.0
Scientist,William_Borlase,Q450914,male,76,,2004.0
Scientist,William_Borrer,Q3568447,male,243,,2013.0
Scientist,William_Bowie_(engineer),Q718065,male,68,,2005.0
Scientist,William_Boyd_(pathologist),Q8005796,male,94,,2005.0
Scientist,William_Brackenridge,Q3568580,male,0,,2009.0
Scientist,William_Bradshaw_Amos,Q8005846,male,79,,2011.0
Scientist,William_Branson_(physician),Q17421314,male,76,,2014.0
Scientist,William_Brazziel,Q61819900,male,98,,2019.0
Scientist,William_Brereton_(mathematician),,,0,,
Scientist,William_Brewster_(ornithologist),Q2119625,male,68,,2004.0
Scientist,William_Bright_(historian),Q8005927,male,0,,2006.0
Scientist,William_Brooke_O'Shaughnessy,Q2025489,male,0,,2004.0
Scientist,William_Brooks_Drew,Q21510911,male,116,,2019.0
Scientist,"William_Brouncker,_2nd_Viscount_Brouncker",Q451693,male,-340,,2005.0
Scientist,William_Browder_(mathematician),Q1398951,male,90,,2006.0
Scientist,William_Brown_(industrial_relations_expert),Q8004580,male,74,,2008.0
Scientist,William_Brunsdon_Yapp,Q8006066,male,-34,,2009.0
Scientist,William_Budd,Q8006099,male,69,,2010.0
Scientist,William_Bull_(botanist),Q6167579,male,-122,,2019.0
Scientist,William_Bullerwell,Q20127846,male,61,,2015.0
Scientist,William_Bullock_(collector),Q919862,male,0,,2004.0
Scientist,William_Bullock_Clark,Q8006126,male,155,,2005.0
Scientist,William_Burnside,Q442983,male,75,,2003.0
Scientist,William_C._Boyd,Q8006262,male,80,,2006.0
Scientist,William_C._Bray,Q26971880,male,67,,2022.0
Scientist,William_C._Campbell_(scientist),Q21061212,male,94,,2015.0
Scientist,William_C._Clark,Q8006273,male,76,,2010.0
Scientist,William_C._Cornell,,,0,,
Scientist,William_C._Dement,Q980277,male,92,,2003.0
Scientist,William_C._Drinkard,Q16018105,male,79,,2014.0
Scientist,William_C._Gruber,Q104936760,male,0,,2021.0
Scientist,William_C._Kirby,Q8006333,male,0,,2006.0
Scientist,William_C._Pfefferle,Q8006384,male,1,,2008.0
Scientist,William_C._Roberts,Q8006395,male,92,,2009.0
Scientist,William_C._Rose,,,0,,2004.0
Scientist,William_C._Schieve,,,0,,
Scientist,William_C._Stadie,Q8006407,male,0,,2011.0
Scientist,William_C._Steere,Q19465131,male,82,,2015.0
Scientist,William_C._Waterhouse,Q8006417,male,75,,2010.0
Scientist,William_C._Wimsatt,Q8006429,male,83,,2007.0
Scientist,William_Campbell_(metallographer),Q8006503,male,0,,2005.0
Scientist,William_Carl_Burger,Q3568484,male,0,,2008.0
Scientist,William_Caspar_Graustein,Q1229319,male,136,,2017.0
Scientist,William_Chambers_Coker,Q2331087,male,0,,2007.0
Scientist,William_Chambliss,Q18471877,male,-10,,2016.0
Scientist,William_Chambliss,Q23900870,,-10,,2016.0
Scientist,William_Chapman_(doctor),Q8006695,male,227,,2011.0
Scientist,William_Charles_Brenke,Q8006717,male,0,,2011.0
Scientist,William_Charles_Evans,Q18509163,male,0,,2018.0
Scientist,William_Charles_Osman_Hill,Q8006732,male,74,,2011.0
Scientist,William_Cheselden,Q2004984,male,336,,2004.0
Scientist,William_Cheung_(scientist),Q27983413,male,0,,2016.0
Scientist,William_Chinowsky,Q99368127,male,0,,2022.0
Scientist,William_Christie_(astronomer),Q720337,male,77,,2004.0
Scientist,William_Cleveland_(mathematician),,,0,,
Scientist,William_Clinger_(computer_scientist),Q8006908,male,0,,2009.0
Scientist,William_Clyde_Martin_Jr.,Q15993261,male,84,,2013.0
Scientist,William_Coblentz,Q1938029,male,151,,2004.0
Scientist,William_Cochran_(physicist),Q8006946,male,0,,2008.0
Scientist,William_Collins_Engledue,Q18736906,male,-166,,2014.0
Scientist,William_Conan_Davis,Q46118365,male,96,,2017.0
Scientist,William_Conklin_Cusick,Q23302886,male,80,,2016.0
Scientist,William_Conybeare_(geologist),Q2143830,male,70,,2004.0
Scientist,William_Cook_(computer_scientist),Q15966925,male,61,,2006.0
Scientist,William_Cookworthy,Q957898,male,319,,2005.0
Scientist,William_Corless_Mills,Q8007124,male,68,,2007.0
Scientist,William_Couper_(naturalist),Q8007163,male,0,,2007.0
Scientist,William_Crabtree,Q2142007,male,0,,2005.0
Scientist,William_Craig_Reynolds,Q8007231,male,71,,2012.0
Scientist,William_Cramer_(pathologist),Q8007236,male,67,,2011.0
Scientist,William_Cranch_Bond,Q314565,male,70,,2004.0
Scientist,William_Cronk_Elmore,Q28089404,male,94,,2016.0
Scientist,William_Crookes,Q189552,male,87,,2001.0
Scientist,William_Cruickshank_(chemist),Q902388,male,0,,2007.0
Scientist,William_Cuffay,Q3568529,male,0,,2006.0
Scientist,William_Cullen,Q462762,male,314,,2003.0
Scientist,William_Cumming_Rose,Q1534198,male,98,,2004.0
Scientist,William_Cunnea,,,0,,
Scientist,William_Curry_(oceanographer),Q8007393,male,0,,2008.0
Scientist,William_Curtis,Q460867,male,278,,2004.0
Scientist,William_D._Carey,Q15994968,male,0,,2009.0
Scientist,William_D._Coolidge,Q674299,male,102,,2005.0
Scientist,William_D._Emmons,Q8007458,male,77,,2008.0
Scientist,William_D._Irvine,Q8007479,male,-3,,2007.0
Scientist,William_D._Kearfott,Q8007483,male,53,,2011.0
Scientist,William_D._Lutz,Q8007487,male,84,,2006.0
Scientist,William_D._Phillips,,,0,,2004.0
Scientist,William_D._Sellers,Q23023521,male,86,,2016.0
Scientist,William_D._Steers,Q8007518,male,60,,2012.0
Scientist,William_Dale_Phillips,Q8007540,male,68,,2010.0
Scientist,William_Dalrymple_(surgeon),Q8007551,male,75,,2011.0
Scientist,William_Damon,Q8007557,male,0,,2005.0
Scientist,William_Daniel_Phillips,Q190756,male,76,,2004.0
Scientist,William_Darwin_Fox,Q435537,male,75,,2004.0
Scientist,William_Davidson_Niven,Q15990201,male,75,,2013.0
Scientist,William_Davis_(cardiologist),Q8017205,male,0,,2012.0
Scientist,William_DeGrado,Q8007696,male,0,,2007.0
Scientist,William_DeVries,Q8007699,male,81,,2001.0
Scientist,William_Dember,Q93237342,male,0,,2021.0
Scientist,William_Derham,Q1398235,male,78,,2004.0
Scientist,William_Dichtel,Q21062332,male,46,,2015.0
Scientist,William_Dickson_Lang,Q15434711,male,88,,2010.0
Scientist,William_Diller_Matthew,Q1088748,male,0,,2004.0
Scientist,William_Draper_Harkins,Q8007993,male,151,,2007.0
Scientist,William_Duane_(physicist),Q1895343,male,63,,2008.0
Scientist,William_Duke_(mathematician),Q15453808,male,0,,2016.0
Scientist,William_Duncan_MacMillan,Q8008105,male,153,,2005.0
Scientist,William_Duncan_Strong,Q15129963,male,0,,2004.0
Scientist,William_E._Adams_(surgeon),,,0,,
Scientist,William_E._Andrew,Q8008187,male,0,,2011.0
Scientist,William_E._Beckner,,,0,,2012.0
Scientist,William_E._Bickley,Q8008195,male,0,,2012.0
Scientist,William_E._Blatz,Q27178535,male,69,,2016.0
Scientist,William_E._Bradley_Jr.,Q18631829,male,87,,2014.0
Scientist,William_E._Castle,Q324408,male,157,,2005.0
Scientist,William_E._Cross_Jr.,Q8008217,male,0,,2007.0
Scientist,William_E._Doolittle,Q8008226,male,0,,2011.0
Scientist,William_E._Forsythe,Q8008237,male,143,,2009.0
Scientist,William_E._Gordon,Q2578559,male,92,,2005.0
Scientist,William_E._Klunk,Q30223705,male,0,,2017.0
Scientist,William_E._Moerner,Q1387059,male,71,,2006.0
Scientist,William_E._Old_Jr.,Q8008656,male,54,,2009.0
Scientist,William_E._Paul,Q2578568,male,88,,2015.0
Scientist,William_E._Pelham,Q61750151,male,0,,2019.0
Scientist,William_Earl_Dodge_Scott,Q17332990,male,70,,2015.0
Scientist,William_Easterling,Q21062302,male,0,,2015.0
Scientist,William_Eaton_(scientist),Q15854629,male,0,,2018.0
Scientist,William_Eccles_(physicist),Q1299726,male,149,,2004.0
Scientist,William_Edgar_Cohen,Q8008380,male,73,,2012.0
Scientist,William_Edmond_Logan,Q937429,male,77,,2003.0
Scientist,William_Edmund_Harper,Q1060411,male,62,,2007.0
Scientist,William_Edward_Ayrton,Q1346521,male,61,,2005.0
Scientist,William_Edward_Davies,Q8008428,male,73,,2008.0
Scientist,William_Edward_Fothergill,Q18911359,male,61,,2019.0
Scientist,William_Edward_Fothergill,Q65072203,,61,,2019.0
Scientist,William_Edward_Hanford,Q8008437,male,88,,2009.0
Scientist,William_Edward_Sell,Q8008460,male,-20,,2008.0
Scientist,William_Edward_Story,Q3709927,male,80,,2007.0
Scientist,William_Elford_Leach,Q472470,male,45,,2004.0
Scientist,William_Elwood_Byerly,Q22017374,male,0,,2015.0
Scientist,William_Emerson_(mathematician),Q3031685,male,323,,2003.0
Scientist,William_Emerson_Ritter,Q2578675,male,88,,2006.0
Scientist,William_Ernest_Castle,Q324408,male,0,,2014.0
Scientist,William_Ernest_Miles,Q8008638,male,78,,2009.0
Scientist,William_Esson,Q536514,male,-108,,2008.0
Scientist,William_F._Ballhaus_Sr.,Q15992740,male,0,,2014.0
Scientist,William_F._Banholzer,Q16192580,male,67,,2013.0
Scientist,William_F._Barrett,Q369067,male,81,,2004.0
Scientist,William_F._Foshag,Q8008789,male,62,,2012.0
Scientist,William_F._Grant,Q8008794,male,0,,2008.0
Scientist,William_F._Hamilton_(physician),Q8008797,male,71,,2011.0
Scientist,William_F._Laurance,Q8008826,male,67,,2013.0
Scientist,William_F._Meggers,,,0,,2004.0
Scientist,William_F._Miller,Q8008841,male,92,,2012.0
Scientist,William_F._Neuman,Q8008844,male,0,,2006.0
Scientist,William_F._Pounds,Q8008857,male,0,,2007.0
Scientist,William_F._Riley_(engineer),Q110304918,male,74,,2021.0
Scientist,William_F._Schreiber,Q8008872,male,-15,,2010.0
Scientist,William_F._Sharpe,Q274111,male,90,,2003.0
Scientist,William_F._Talbot,Q8008880,male,120,,2012.0
Scientist,William_F._Tate_IV,Q100281875,male,0,,2020.0
Scientist,William_Farrer,Q1458972,male,179,,2004.0
Scientist,William_Fawcett_(botanist),Q3568610,male,0,,2008.0
Scientist,William_Feindel,Q8008972,male,96,,2005.0
Scientist,William_Feller,Q201426,male,0,,2003.0
Scientist,William_Feller__William_Feller__1,,,64,,
Scientist,William_Fellner,Q1622803,male,0,,2015.0
Scientist,William_Fiske_Whitney,Q16037926,male,71,,2013.0
Scientist,William_Fletcher_Shaw,Q1801232,male,83,,2019.0
Scientist,William_Fogg_Osgood,Q724220,male,79,,2006.0
Scientist,William_Fothergill_Cooke,Q1409652,male,73,,2005.0
Scientist,William_Fox_(palaeontologist),Q8009283,male,211,,2005.0
Scientist,William_Francis_Ganong_Jr.,Q8009314,male,83,,2007.0
Scientist,William_Francis_Gray_Swann,Q8009315,male,0,,2005.0
Scientist,William_Francis_Hillebrand,Q71107,male,72,,2008.0
Scientist,William_Francis_de_Vismes_Kane,Q3568623,male,0,,2006.0
Scientist,William_Fraser_(architect),Q98518139,male,55,,2020.0
Scientist,William_Frederic_Boulding,Q29017502,male,0,,2017.0
Scientist,William_Frederick_Archdall_Ellison,Q4531323,male,72,,2007.0
Scientist,William_Frederick_Eberlein,Q2578876,male,0,,2012.0
Scientist,William_Frederick_Purcell,Q3568631,male,158,,2011.0
Scientist,William_French_Anderson,Q1300359,male,88,,2004.0
Scientist,William_Freudenburg,Q8009441,male,59,,2009.0
Scientist,"William_Fuller_Brown,_Jr.",,,0,,2017.0
Scientist,William_Fuller_Brown_Jr.,Q8009473,male,120,,2010.0
Scientist,William_Fullerton_(surgeon),Q65587279,male,-219,,2019.0
Scientist,William_Fulton_(mathematician),Q2061291,male,85,,2007.0
Scientist,William_G._Binney,Q8009503,male,76,,2009.0
Scientist,William_G._Boltz,Q101937531,male,0,,2021.0
Scientist,William_G._Cowley,,,0,,
Scientist,William_G._Dauben,,,0,,
Scientist,William_G._Haag,,,0,,
Scientist,William_G._Hill,,,0,,2017.0
Scientist,William_G._Hoover,Q18154339,male,0,,2014.0
Scientist,William_G._Nelson,Q22096233,male,0,,2016.0
Scientist,William_G._Pollard,Q8009569,male,0,,2008.0
Scientist,William_G._Schneider,Q15994735,male,109,,2014.0
Scientist,William_Gabriel_Blatch,Q110098094,male,-124,,2021.0
Scientist,William_Galston,Q8009645,male,78,,2006.0
Scientist,William_Gambel,Q613694,male,-176,,2004.0
Scientist,William_Gardner_Smith_(botanist),Q3568648,male,62,,2012.0
Scientist,William_Garnett_(professor),Q8009693,male,82,,2013.0
Scientist,William_Garrison_(geographer),Q15504629,male,91,,2005.0
Scientist,William_Gasarch,Q21825565,male,0,,2015.0
Scientist,William_Gelbart__William_Michael_Gelbart__1,,,78,,
Scientist,William_Gemmell_Cochran,Q880924,male,115,,2005.0
Scientist,William_George_Fearnsides,Q2578961,male,145,,2009.0
Scientist,William_George_Harter,Q30672887,male,81,,2017.0
Scientist,William_George_MacCallum,Q16983462,male,70,,2014.0
Scientist,William_George_Ward,Q5493143,male,70,,2003.0
Scientist,William_Gerard_Dwyer,Q24254227,male,0,,2018.0
Scientist,William_Giauque,Q110073,male,87,,2004.0
Scientist,William_Gilbert_(physician),Q192706,male,59,,2023.0
Scientist,William_Gilbert_Chaloner,Q2546295,male,88,,2010.0
Scientist,William_Gilson_Farlow,Q2701736,male,75,,2006.0
Scientist,William_Glasser,Q1048866,male,88,,2004.0
Scientist,William_Glen_(geologist),Q15492060,male,0,,2006.0
Scientist,William_Gloag_(lawyer)__William_Gloag__1,,,69,,
Scientist,William_Goddard_(engineer),Q8009943,male,84,,2008.0
Scientist,William_Goldie_(physician),Q110576956,male,77,,2022.0
Scientist,William_Goldman_(mathematician),Q3893494,male,69,,2004.0
Scientist,William_Goodell_(gynecologist),Q8009984,male,65,,2009.0
Scientist,William_Gossage,Q3568663,male,78,,2007.0
Scientist,William_Gould_Dow,Q8010055,male,104,,2007.0
Scientist,William_Gould_Young,Q8010056,male,78,,2008.0
Scientist,William_Gowers_(neurologist),Q2164702,male,70,,2004.0
Scientist,William_Gregor,Q498817,male,56,,2004.0
Scientist,William_Gregory_(chemist),Q5770736,male,221,,2008.0
Scientist,William_Grey_Walter,Q1359845,male,67,,2003.0
Scientist,William_Guilfoyle,Q11705313,male,72,,2005.0
Scientist,William_Gull,Q1863354,male,74,,2003.0
Scientist,William_H._Andrews_(biologist),Q6613821,male,73,,2011.0
Scientist,William_H._Avery_(engineer),Q338615,male,92,,2006.0
Scientist,William_H._Baxter,Q8010321,male,75,,2011.0
Scientist,William_H._Behle,Q11902434,male,100,,2015.0
Scientist,William_H._Calvin,Q712351,male,85,,2003.0
Scientist,William_H._Durham,Q8010385,male,0,,2010.0
Scientist,William_H._Fishman,Q46994502,male,110,,2017.0
Scientist,William_H._Green,Q39587844,male,61,,2019.0
Scientist,William_H._Hannah,,,0,,
Scientist,William_H._Harris_(orthopaedic_surgeon),Q16890576,male,97,,2014.0
Scientist,William_H._Jefferys,Q8010464,male,0,,2005.0
Scientist,William_H._Matthaeus,Q64821320,male,0,,2020.0
Scientist,William_H._McClain,Q110895897,male,0,,2022.0
Scientist,William_H._Parker_(physicist),Q99976876,male,0,,2020.0
Scientist,William_H._Phelps_Jr.,Q964384,male,86,,2006.0
Scientist,William_H._Phelps_Sr.,Q1434289,male,90,,2007.0
Scientist,William_H._Press,Q376909,male,76,,2010.0
Scientist,William_H._Riffee,Q8010569,,0,,
Scientist,William_H._Riker,Q326238,male,73,,2002.0
Scientist,William_H._Robinson,Q58257301,male,0,,2020.0
Scientist,William_H._Sewell,Q8010583,male,115,,2007.0
Scientist,William_H._Shideler,Q8010589,male,0,,2007.0
Scientist,William_H._Starbuck,Q8010600,male,90,,2006.0
Scientist,William_H._Sweet,,,0,,
Scientist,William_Haboush,Q3568676,male,0,,2008.0
Scientist,William_Hallowes_Miller,Q908116,male,223,,2004.0
Scientist,William_Hamilton_Gibson,Q8010768,male,46,,2005.0
Scientist,William_Hamilton_Shortt,Q78172358,,90,,2019.0
Scientist,William_Hammon,Q14943546,male,85,,2007.0
Scientist,William_Hampson,Q8010796,male,72,,2012.0
Scientist,William_Hampton_Patton,Q13415263,male,65,,2013.0
Scientist,William_Happer,Q8010838,male,85,,2009.0
Scientist,William_Harder_Cole,Q110485960,male,75,,2022.0
Scientist,William_Harding_Longley,Q8010859,male,0,,2012.0
Scientist,William_Harper_Pease,Q8010901,male,0,,2009.0
Scientist,William_Harris_Ashmead,Q2162099,male,53,,2005.0
Scientist,William_Harry_Evans,Q3568686,male,80,,2005.0
Scientist,William_Harvey,Q93128,male,79,,2002.0
Scientist,William_Hatcher_Davis,Q8011010,male,78,,2009.0
Scientist,William_Hayes_(geneticist),Q8011062,male,0,,2010.0
Scientist,William_Hayward_Pickering,,,0,,2015.0
Scientist,William_Healey_Dall,Q777148,male,82,,2004.0
Scientist,William_Heath_Byford,Q62522731,male,73,,2022.0
Scientist,William_Heberden,Q330036,male,91,,2005.0
Scientist,William_Henry_(chemist),Q182915,male,250,,2004.0
Scientist,William_Henry_Anderson,Q8011877,male,89,,2012.0
Scientist,William_Henry_Benson,Q1680768,male,0,,2009.0
Scientist,William_Henry_Bragg,Q133747,male,0,,2003.0
Scientist,William_Henry_Bragg__William_Henry_Bragg__1,,,80,,
Scientist,William_Henry_Brewer,Q2596168,male,81,,2005.0
Scientist,William_Henry_Chandler_(chemist),Q8011925,male,65,,2013.0
Scientist,William_Henry_Collins,Q15994992,male,59,,2014.0
Scientist,William_Henry_Corfield_(hygienist)__William_Henry_Corfield__1,,,60,,
Scientist,William_Henry_Dines,Q2389414,male,169,,2006.0
Scientist,William_Henry_Duncan,Q8011969,male,58,,2006.0
Scientist,William_Henry_Emerson,Q8011976,male,64,,2008.0
Scientist,William_Henry_Finlay,Q278529,male,175,,2004.0
Scientist,William_Henry_Flower,Q670054,male,68,,2004.0
Scientist,William_Henry_Harvey,Q1378128,male,213,,2006.0
Scientist,William_Henry_Holmes,Q1015233,male,87,,2005.0
Scientist,William_Henry_Hudson,Q1359140,male,81,,2003.0
Scientist,William_Henry_Lang,Q3297586,male,86,,2008.0
Scientist,William_Henry_Long,Q8012083,male,80,,2011.0
Scientist,William_Henry_Nicholls,Q10393700,male,139,,2017.0
Scientist,William_Henry_Pearson,Q21522736,male,74,,2019.0
Scientist,William_Henry_Perkin,Q165749,male,69,,2002.0
Scientist,"William_Henry_Perkin,_Jr.",,,0,,2017.0
Scientist,William_Henry_Perkin_Jr.,Q2631780,male,69,,2006.0
Scientist,William_Henry_Pickering,Q310222,male,80,,2004.0
Scientist,William_Henry_Wahl,Q8012199,male,0,,2011.0
Scientist,William_Henry_Young,Q869557,male,161,,2005.0
Scientist,William_Hepworth_Thompson,Q15528342,male,76,,2003.0
Scientist,William_Herbert_(botanist),Q954928,male,69,,2006.0
Scientist,William_Herschel,Q14277,male,84,,2001.0
Scientist,William_Hewson_(surgeon),Q3052355,male,35,,2006.0
Scientist,William_Hillebrand,Q77663,male,203,,2009.0
Scientist,William_Hillhouse,Q3568702,male,60,,2014.0
Scientist,William_Hobson_Mills,Q1776811,male,86,,2006.0
Scientist,William_Hodgson_Ellis,Q57729231,male,75,,2018.0
Scientist,William_Hogarth_Main,Q16212939,male,0,,2013.0
Scientist,William_Hopkins,Q983369,male,73,,2004.0
Scientist,William_Houlder_Zachariasen,Q6030002,male,118,,2013.0
Scientist,William_Howard_Stein,Q156492,male,69,,2004.0
Scientist,William_Hudson_(engineer),Q8012625,male,82,,2009.0
Scientist,William_Huggins,Q160681,male,86,,2004.0
Scientist,William_Hugh_Woodin,,,0,,2005.0
Scientist,William_Hughes_Miller,Q2579082,male,83,,2008.0
Scientist,William_Hume-Rothery,Q2261240,male,125,,2005.0
Scientist,William_Hung_(sinologist),Q11147010,male,87,,2014.0
Scientist,William_Hunter_(anatomist),Q944360,male,306,,2003.0
Scientist,William_Hunting,Q97574338,male,-111,,2020.0
Scientist,William_Hussey_(astronomer),Q2880608,male,162,,2004.0
Scientist,William_Hyde_Wollaston,Q312975,male,62,,2002.0
Scientist,William_I._F._David,Q19979215,male,0,,2023.0
Scientist,William_I._McLaughlin,Q8012768,male,0,,2010.0
Scientist,William_Iacono,Q55238044,male,0,,2018.0
Scientist,William_Ickes,Q8012801,male,0,,2009.0
Scientist,William_Imon_Norwood,Q110582917,male,79,,2022.0
Scientist,William_Inboden,Q24727869,male,52,,2016.0
Scientist,William_J._Abernathy,Q16010261,male,50,,2013.0
Scientist,William_J._Atkinson,Q96148317,male,0,,2020.0
Scientist,William_J._Barry,Q2579405,male,0,,2014.0
Scientist,William_J._Breed,Q15431410,male,85,,2013.0
Scientist,William_J._Clark,Q25006380,male,0,,2016.0
Scientist,William_J._Clench,Q3568733,male,87,,2009.0
Scientist,William_J._Darby,Q59629371,male,88,,2021.0
Scientist,William_J._Dreyer,Q8013206,male,-20,,2007.0
Scientist,William_J._Firey,Q55825345,male,81,,2018.0
Scientist,William_J._LeVeque,Q2579699,male,84,,2009.0
Scientist,William_J._McGuire,Q30347257,male,82,,2018.0
Scientist,William_J._Mitchell,Q1502565,male,0,,2010.0
Scientist,William_J._Mitsch,Q8013293,male,0,,2009.0
Scientist,William_J._Oswald,Q36277761,male,86,,2017.0
Scientist,William_J._Ripple,Q8013321,male,72,,2012.0
Scientist,William_J._Rutter,Q8013327,male,97,,2009.0
Scientist,William_J._Samarin,Q60451871,male,94,,2019.0
Scientist,William_J._Schwartz,Q30122287,male,74,,2017.0
Scientist,William_J._Sparks,Q8013338,male,119,,2008.0
Scientist,William_J._Sutherland,Q1279986,male,68,,2015.0
Scientist,William_J._Youden,Q4020059,male,71,,2012.0
Scientist,William_Jack_(botanist),Q15482,male,-202,,2007.0
Scientist,William_Jackson_Hooker__Sir_William_Jackson_Hooker__1,,,80,,
Scientist,William_Jackson_Humphreys,Q2712764,male,87,,2006.0
Scientist,William_Jackson_Pope,Q511621,male,69,,2008.0
Scientist,William_Jaco,Q5308032,male,84,,2006.0
Scientist,William_Jacob_Knox_Jr.,Q101298576,male,91,,2020.0
Scientist,William_James_Beal,Q8013434,male,91,,2006.0
Scientist,William_James_Clench,,,0,,2009.0
Scientist,William_James_Macdonald,Q113275481,male,90,,2022.0
Scientist,William_James_Mayo,Q327373,male,78,,2005.0
Scientist,William_James_Wanless,Q8013501,male,68,,2010.0
Scientist,William_Jeffery,Q19874637,male,0,,2015.0
Scientist,William_Jencks,Q2579513,male,80,,2008.0
Scientist,William_Jerome_Harrison,Q18911677,male,63,,2016.0
Scientist,William_Jesse_Goad_Land,Q18911682,male,77,,2019.0
Scientist,William_John_Ansorge,Q21392784,male,174,,2016.0
Scientist,William_John_Bishop,Q63191799,male,-63,,2019.0
Scientist,William_John_Crozier,Q20675502,male,63,,2015.0
Scientist,William_John_Greenstreet,Q18911694,male,69,,2018.0
Scientist,William_John_McGee,Q1455571,male,59,,2006.0
Scientist,William_John_Swainson,Q444164,male,66,,2003.0
Scientist,William_Johnson_Sollas,Q547384,male,175,,2006.0
Scientist,William_Joscelyn_Arkell,Q2579541,male,54,,2007.0
Scientist,William_Joseph_Campbell_(meteorologist),Q107399516,male,94,,2021.0
Scientist,William_Joseph_Whelan,Q21166742,male,97,,2018.0
Scientist,William_Julius_Wilson,Q111536,male,89,,2003.0
Scientist,William_K._George,Q8013825,male,0,,2010.0
Scientist,William_K._MacCurdy,Q8013835,male,0,,2012.0
Scientist,William_K._Oh,Q8013837,male,0,,2010.0
Scientist,William_Kaelin_Jr.,Q1603351,male,67,,2016.0
Scientist,William_Kahan,Q92782,male,91,,2003.0
Scientist,William_Kantor,Q15446993,male,80,,2019.0
Scientist,William_Karush,Q4216313,male,80,,2008.0
Scientist,William_Kaye_Estes,Q1780288,male,92,,2007.0
Scientist,William_Keeton,Q8019432,male,47,,2009.0
Scientist,William_Keiller,Q56884077,male,-93,,2018.0
Scientist,William_Keith_Brooks,Q3568758,male,0,,2005.0
Scientist,William_Keith_Emerson,Q8013886,male,91,,2009.0
Scientist,William_Kenneth_Hartmann,Q1097274,male,85,,2006.0
Scientist,William_Kimbel,Q91745513,,68,,2022.0
Scientist,William_King_Gregory,Q981867,male,94,,2006.0
Scientist,William_Kingdon_Clifford,Q323228,male,34,,2003.0
Scientist,William_Kirby_(entomologist)__William_Kirby__1,,,265,,
Scientist,William_Kitchen_Parker,Q2344459,male,0,,2006.0
Scientist,William_Klemperer,Q5913429,male,90,,2009.0
Scientist,William_Kristan,Q29548406,male,0,,2017.0
Scientist,William_Kruskal,Q1398917,male,0,,2006.0
Scientist,William_Kwong_Yu_Yeung,Q560597,male,0,,2004.0
Scientist,William_L._Brogan,Q8014139,male,0,,2008.0
Scientist,William_L._Brown,Q114577559,,0,,2017.0
Scientist,William_L._Burke,Q8014144,male,0,,2005.0
Scientist,William_L._Chameides,Q15994971,male,75,,2014.0
Scientist,William_L._Jorgensen,Q8014179,male,75,,2007.0
Scientist,William_L._Kruer,Q2579618,male,82,,2012.0
Scientist,William_L._Melvin,Q8014193,male,0,,2011.0
Scientist,William_L._Stearman,Q23003154,male,102,,2016.0
Scientist,William_Lassell,Q110869,male,81,,2004.0
Scientist,William_Latimer,Q26689616,male,0,,2016.0
Scientist,William_Lawrence_Balls,Q8014357,male,78,,2007.0
Scientist,William_Lawrence_Bragg,Q131729,male,0,,2018.0
Scientist,William_Lawrence_Kocay,Q8014361,male,0,,2008.0
Scientist,William_Lawvere,Q290932,male,87,,2004.0
Scientist,William_Lax,Q8014371,male,-188,,2011.0
Scientist,William_Lay_Thompson,Q27967920,male,86,,2016.0
Scientist,William_LeVeque,,,0,,2009.0
Scientist,William_Le_Roy_Emmet,Q2382540,male,82,,2007.0
Scientist,William_Leigh_Williamson_Eyre,Q4530080,male,73,,2010.0
Scientist,William_Leitch_(scientist),Q21182510,male,210,,2015.0
Scientist,William_Leslie_Mackenzie,Q18880045,male,73,,2017.0
Scientist,William_Lewis_Elkin,Q3196900,male,78,,2008.0
Scientist,William_Li_(oceanographer),Q42555944,male,0,,2019.0
Scientist,William_Liller,Q4020070,male,0,,2015.0
Scientist,William_Linvill,Q23303190,male,105,,2016.0
Scientist,William_Lipscomb,Q110935,male,92,,2002.0
Scientist,William_Littell_Everitt,Q8014613,male,86,,2006.0
Scientist,William_Lloyd_Garrison_Williams,Q37738828,male,88,,2022.0
Scientist,William_Lofland_Dudley,Q18149554,male,55,,2014.0
Scientist,William_Lonsdale,Q453420,male,77,,2004.0
Scientist,William_Lorenz,Q8014698,male,76,,2009.0
Scientist,William_Louis_Culberson,Q3568801,male,74,,2013.0
Scientist,William_Lundbeck,Q3568803,male,0,,2006.0
Scientist,William_Lyman_(inventor),Q1388494,male,70,,2005.0
Scientist,William_Lyman_Underwood,Q8014809,male,-95,,2006.0
Scientist,William_M._Boothby,Q102132257,male,103,,2021.0
Scientist,William_M._Furnish,Q24844363,male,0,,2016.0
Scientist,William_M._Gray,Q3319109,male,87,,2004.0
Scientist,William_M._Grove,,,0,,
Scientist,William_M._Hartmann,Q8014888,male,85,,2008.0
Scientist,William_M._Jackson_(chemist),Q67157820,male,88,,2019.0
Scientist,William_M._Kays,,,0,,
Scientist,William_M._Murray_(engineer),Q110292976,male,80,,2021.0
Scientist,William_M._Sinton,Q79667199,male,79,,2019.0
Scientist,William_MacCormac,Q7529670,male,65,,2005.0
Scientist,William_MacGillivray,Q1388461,male,56,,2003.0
Scientist,William_MacGregor_Henderson,Q8014960,male,87,,2011.0
Scientist,William_Macewen,Q977328,male,76,,2004.0
Scientist,William_Mackenzie_(ophthalmologist),Q4020091,male,0,,2007.0
Scientist,William_Maclure,Q349865,male,77,,2004.0
Scientist,William_Macnae,Q19561320,male,0,,2015.0
Scientist,William_Madia,Q8015026,male,0,,2013.0
Scientist,William_Magee_(physician),Q8015035,male,0,,2008.0
Scientist,William_Mansfield_Clark,Q1539723,male,140,,2020.0
Scientist,William_Mark,Q8015120,male,0,,2012.0
Scientist,William_Markwick,Q12072935,male,0,,2013.0
Scientist,William_Marriott_Canby,Q16648094,male,73,,2019.0
Scientist,William_Marshall_Smart,Q14949094,male,0,,2010.0
Scientist,William_Martin_(mathematician),,,0,,2012.0
Scientist,William_Martin_Gelbart,Q90687788,male,70,,2022.0
Scientist,William_McColl_(mathematician),,,0,,
Scientist,William_McCrea_(astronomer),Q1385648,male,0,,2002.0
Scientist,William_McCune,Q8015374,male,58,,2008.0
Scientist,William_McDougall_(psychologist),Q503315,male,153,,2004.0
Scientist,William_McGinnis,Q8015418,male,0,,2005.0
Scientist,William_McNeill_Whistler,Q16030383,male,64,,2013.0
Scientist,William_Meikleham,Q15994634,male,-178,,2014.0
Scientist,William_Merriam_Burton,Q1936168,male,89,,2006.0
Scientist,William_Messing,Q2579982,male,0,,2012.0
Scientist,William_Michael_Herbert_Greaves,Q4502374,male,58,,2005.0
Scientist,William_Michael_Lynn,Q8028921,male,66,,2011.0
Scientist,William_Minicozzi,Q1700722,male,0,,2010.0
Scientist,William_Mitchell_(mathematician),,,0,,
Scientist,William_Mitchinson_Hicks,Q8015694,male,84,,2008.0
Scientist,William_Moffitt,Q8015706,male,33,,2011.0
Scientist,William_Monroe_Trotter,Q8015732,male,62,,2003.0
Scientist,William_Moomaw,Q17703921,male,0,,2015.0
Scientist,William_Morris_Davis,Q315967,male,84,,2002.0
Scientist,William_Morris_Davis,Q8013611,male,84,,2002.0
Scientist,William_Morton_Wheeler,Q1352575,male,72,,2003.0
Scientist,William_Mrazek,Q105203893,male,113,,2021.0
Scientist,William_Murdoch,Q451444,male,85,,2002.0
Scientist,William_Murrill,Q2170251,male,0,,2007.0
Scientist,William_Murrill__William_Alphonso_Murrill__1,,,88,,
Scientist,William_N._Goetzmann,Q41803537,male,68,,2019.0
Scientist,William_N._Rom,Q65029962,male,0,,2019.0
Scientist,William_N._Schoenfeld,Q8016007,male,81,,2006.0
Scientist,William_N._Sharpe,Q110406855,male,0,,2022.0
Scientist,William_Newcomb,Q8016090,male,0,,2004.0
Scientist,William_Newsome,Q8016105,male,72,,2012.0
Scientist,William_Nierenberg,Q2580131,male,81,,2005.0
Scientist,William_Niven,Q8016150,male,174,,2006.0
Scientist,William_Nordhaus,Q562481,male,83,,2006.0
Scientist,William_Nylander_(botanist),Q14614517,male,0,,2005.0
Scientist,William_Nylander_(botanist),Q932083,male,0,,2005.0
Scientist,William_O._Baker,Q337885,male,90,,2008.0
Scientist,William_O._Farber,Q8016272,male,97,,2007.0
Scientist,William_O._Gibberd,,,0,,
Scientist,William_O._Stephens,Q17402989,male,62,,2013.0
Scientist,William_Ogilvy_Kermack,Q18757204,male,72,,2017.0
Scientist,William_Oliver_(physician),Q8016342,male,-260,,2024.0
Scientist,William_Orlando_Markham,Q60379097,male,73,,2019.0
Scientist,William_Orville_Ayres,Q938175,male,207,,2006.0
Scientist,William_Osler_Abbott,Q8016390,male,41,,2007.0
Scientist,William_Osler__Sir_William_Osler__1,,,70,,
Scientist,William_Otis_Crosby,Q2580170,male,75,,2017.0
Scientist,William_Otto_Frohring,Q30230389,male,66,,2017.0
Scientist,William_Oughtred,Q311491,male,86,,2004.0
Scientist,William_P._Bidelman,Q31941814,male,93,,2017.0
Scientist,William_P._Creger,Q101241669,male,91,,2020.0
Scientist,William_P._Malm,Q17484208,male,96,,2014.0
Scientist,William_P._Reinhardt,,,0,,
Scientist,William_P._Sommers,Q8016503,male,74,,2011.0
Scientist,William_Paley,Q433739,male,-219,,2002.0
Scientist,William_Pao,Q28025149,male,0,,2022.0
Scientist,William_Pardon,,,0,,
Scientist,William_Parks_(paleontologist),Q1371885,male,68,,2006.0
Scientist,"William_Parsons,_3rd_Earl_of_Rosse",Q310121,male,67,,2004.0
Scientist,William_Patten_(zoologist),Q8016641,male,71,,2010.0
Scientist,William_Paul_Jones,Q64853378,male,72,,2019.0
Scientist,William_Pearsall,Q15994680,male,73,,2013.0
Scientist,William_Pearson_(scientist),Q50558187,male,0,,2018.0
Scientist,"William_Penney,_Baron_Penney",Q336759,male,82,,2005.0
Scientist,William_Pepper,Q9374867,male,55,,2004.0
Scientist,William_Percival_Evans,Q17515426,male,95,,2014.0
Scientist,William_Percy_Rogers,Q28062403,male,110,,2016.0
Scientist,William_Petrie_(electrical_engineer),Q2580235,male,203,,2017.0
Scientist,William_Pickles_(medical_doctor),Q8016878,male,84,,2008.0
Scientist,William_Pitt_Durfee,Q8016938,male,86,,2011.0
Scientist,William_Poduska,Q8016972,male,0,,2006.0
Scientist,William_Pokhlyobkin,Q1413901,male,101,,2006.0
Scientist,William_Prager,Q77938,male,121,,2005.0
Scientist,William_Pridemore,Q40802767,male,55,,2017.0
Scientist,William_Prout,Q775400,male,239,,2003.0
Scientist,William_Prusoff,Q16019192,male,91,,2011.0
Scientist,William_Pugh,Q25194859,,0,,2016.0
Scientist,William_Pugh_(computer_scientist),Q8017123,male,64,,2005.0
Scientist,William_Pugh_(geologist),Q19876275,male,82,,2015.0
Scientist,William_R.N._Blair,Q98768192,male,0,,2020.0
Scientist,William_R._Blair,Q8017178,male,88,,2009.0
Scientist,William_R._Bullard,Q101068385,,46,,2020.0
Scientist,William_R._Cotton,Q8017202,male,0,,2007.0
Scientist,William_R._Hammer,Q8017214,male,0,,2009.0
Scientist,William_R._Jacobs_Jr.,Q18687969,male,69,,2012.0
Scientist,William_R._Maples,Q8017243,male,60,,2005.0
Scientist,William_R._Roush,Q728529,male,72,,2011.0
Scientist,William_R._Simpson,Q8017283,male,58,,2007.0
Scientist,William_R_Simpson_(chemist),,,0,,2008.0
Scientist,William_Ralph_Maxon,Q8017342,male,147,,2008.0
Scientist,William_Ramsay,Q100321220,male,64,,2002.0
Scientist,William_Ramsay,Q100387853,male,64,,2002.0
Scientist,William_Ramsay,Q100967014,female,64,,2002.0
Scientist,William_Ramsay,Q101033432,female,64,,2002.0
Scientist,William_Ramsay,Q101034190,male,64,,2002.0
Scientist,William_Ramsay,Q10116482,male,64,,2002.0
Scientist,William_Ramsay,Q101231217,female,64,,2002.0
Scientist,William_Ramsay,Q101878,male,64,,2002.0
Scientist,William_Ramsay,Q102051948,male,64,,2002.0
Scientist,William_Ramsay,Q10207490,male,64,,2002.0
Scientist,William_Ramsay,Q102217255,male,64,,2002.0
Scientist,William_Ramsay,Q102217477,male,64,,2002.0
Scientist,William_Ramsay,Q102286507,male,64,,2002.0
Scientist,William_Ramsay,Q102432884,male,64,,2002.0
Scientist,William_Ramsay,Q102485374,female,64,,2002.0
Scientist,William_Ramsay,Q10278130,male,64,,2002.0
Scientist,William_Ramsay,Q10314169,male,64,,2002.0
Scientist,William_Ramsay,Q10337407,male,64,,2002.0
Scientist,William_Ramsay,Q10396113,female,64,,2002.0
Scientist,William_Ramsay,Q104030848,male,64,,2002.0
Scientist,William_Ramsay,Q104062879,male,64,,2002.0
Scientist,William_Ramsay,Q104283223,male,64,,2002.0
Scientist,William_Ramsay,Q104890,male,64,,2002.0
Scientist,William_Ramsay,Q105069287,female,64,,2002.0
Scientist,William_Ramsay,Q105319,male,64,,2002.0
Scientist,William_Ramsay,Q105838,female,64,,2002.0
Scientist,William_Ramsay,Q105857492,male,64,,2002.0
Scientist,William_Ramsay,Q106231993,male,64,,2002.0
Scientist,William_Ramsay,Q106463487,male,64,,2002.0
Scientist,William_Ramsay,Q1065182,male,64,,2002.0
Scientist,William_Ramsay,Q10654866,male,64,,2002.0
Scientist,William_Ramsay,Q106618690,female,64,,2002.0
Scientist,William_Ramsay,Q106640767,male,64,,2002.0
Scientist,William_Ramsay,Q106688116,male,64,,2002.0
Scientist,William_Ramsay,Q106702267,male,64,,2002.0
Scientist,William_Ramsay,Q106706,male,64,,2002.0
Scientist,William_Ramsay,Q107069646,female,64,,2002.0
Scientist,William_Ramsay,Q107180694,male,64,,2002.0
Scientist,William_Ramsay,Q107288108,female,64,,2002.0
Scientist,William_Ramsay,Q1073101,male,64,,2002.0
Scientist,William_Ramsay,Q107516,male,64,,2002.0
Scientist,William_Ramsay,Q107638415,male,64,,2002.0
Scientist,William_Ramsay,Q108040824,female,64,,2002.0
Scientist,William_Ramsay,Q108057548,male,64,,2002.0
Scientist,William_Ramsay,Q108084619,female,64,,2002.0
Scientist,William_Ramsay,Q108444,male,64,,2002.0
Scientist,William_Ramsay,Q108648292,female,64,,2002.0
Scientist,William_Ramsay,Q108810465,female,64,,2002.0
Scientist,William_Ramsay,Q108858754,female,64,,2002.0
Scientist,William_Ramsay,Q109240,male,64,,2002.0
Scientist,William_Ramsay,Q109253578,male,64,,2002.0
Scientist,William_Ramsay,Q109591346,male,64,,2002.0
Scientist,William_Ramsay,Q109704719,female,64,,2002.0
Scientist,William_Ramsay,Q109857229,male,64,,2002.0
Scientist,William_Ramsay,Q110089359,,64,,2002.0
Scientist,William_Ramsay,Q110098180,female,64,,2002.0
Scientist,William_Ramsay,Q110136735,male,64,,2002.0
Scientist,William_Ramsay,Q110222939,male,64,,2002.0
Scientist,William_Ramsay,Q110225451,male,64,,2002.0
Scientist,William_Ramsay,Q110245717,male,64,,2002.0
Scientist,William_Ramsay,Q110659328,female,64,,2002.0
Scientist,William_Ramsay,Q110738,female,64,,2002.0
Scientist,William_Ramsay,Q110887596,male,64,,2002.0
Scientist,William_Ramsay,Q110960586,male,64,,2002.0
Scientist,William_Ramsay,Q110960644,male,64,,2002.0
Scientist,William_Ramsay,Q111087948,male,64,,2002.0
Scientist,William_Ramsay,Q111098406,female,64,,2002.0
Scientist,William_Ramsay,Q111144450,female,64,,2002.0
Scientist,William_Ramsay,Q111222588,male,64,,2002.0
Scientist,William_Ramsay,Q111362636,male,64,,2002.0
Scientist,William_Ramsay,Q111366298,male,64,,2002.0
Scientist,William_Ramsay,Q111460160,female,64,,2002.0
Scientist,William_Ramsay,Q111599586,male,64,,2002.0
Scientist,William_Ramsay,Q111680881,male,64,,2002.0
Scientist,William_Ramsay,Q111697972,female,64,,2002.0
Scientist,William_Ramsay,Q111747429,female,64,,2002.0
Scientist,William_Ramsay,Q111902944,male,64,,2002.0
Scientist,William_Ramsay,Q112144797,male,64,,2002.0
Scientist,William_Ramsay,Q112168881,female,64,,2002.0
Scientist,William_Ramsay,Q112301,male,64,,2002.0
Scientist,William_Ramsay,Q112383287,male,64,,2002.0
Scientist,William_Ramsay,Q112385857,male,64,,2002.0
Scientist,William_Ramsay,Q112388758,male,64,,2002.0
Scientist,William_Ramsay,Q112399760,male,64,,2002.0
Scientist,William_Ramsay,Q112413,male,64,,2002.0
Scientist,William_Ramsay,Q112413357,male,64,,2002.0
Scientist,William_Ramsay,Q112414508,male,64,,2002.0
Scientist,William_Ramsay,Q112425006,male,64,,2002.0
Scientist,William_Ramsay,Q112434077,male,64,,2002.0
Scientist,William_Ramsay,Q112438565,,64,,2002.0
Scientist,William_Ramsay,Q112439148,male,64,,2002.0
Scientist,William_Ramsay,Q112443968,male,64,,2002.0
Scientist,William_Ramsay,Q112449823,male,64,,2002.0
Scientist,William_Ramsay,Q112450046,male,64,,2002.0
Scientist,William_Ramsay,Q112454890,male,64,,2002.0
Scientist,William_Ramsay,Q112464362,female,64,,2002.0
Scientist,William_Ramsay,Q112470839,male,64,,2002.0
Scientist,William_Ramsay,Q112478141,male,64,,2002.0
Scientist,William_Ramsay,Q112492021,female,64,,2002.0
Scientist,William_Ramsay,Q112495114,male,64,,2002.0
Scientist,William_Ramsay,Q112496011,male,64,,2002.0
Scientist,William_Ramsay,Q112496758,male,64,,2002.0
Scientist,William_Ramsay,Q112504555,male,64,,2002.0
Scientist,William_Ramsay,Q112506192,,64,,2002.0
Scientist,William_Ramsay,Q112512973,,64,,2002.0
Scientist,William_Ramsay,Q112515059,male,64,,2002.0
Scientist,William_Ramsay,Q112517546,male,64,,2002.0
Scientist,William_Ramsay,Q112520019,female,64,,2002.0
Scientist,William_Ramsay,Q112522353,female,64,,2002.0
Scientist,William_Ramsay,Q112522532,female,64,,2002.0
Scientist,William_Ramsay,Q112524049,male,64,,2002.0
Scientist,William_Ramsay,Q112526618,male,64,,2002.0
Scientist,William_Ramsay,Q112526627,male,64,,2002.0
Scientist,William_Ramsay,Q112526686,male,64,,2002.0
Scientist,William_Ramsay,Q112531058,male,64,,2002.0
Scientist,William_Ramsay,Q112531576,male,64,,2002.0
Scientist,William_Ramsay,Q112534390,male,64,,2002.0
Scientist,William_Ramsay,Q112537106,male,64,,2002.0
Scientist,William_Ramsay,Q112540189,male,64,,2002.0
Scientist,William_Ramsay,Q112542149,female,64,,2002.0
Scientist,William_Ramsay,Q112542372,male,64,,2002.0
Scientist,William_Ramsay,Q112545875,male,64,,2002.0
Scientist,William_Ramsay,Q112546731,female,64,,2002.0
Scientist,William_Ramsay,Q112549769,male,64,,2002.0
Scientist,William_Ramsay,Q112551019,male,64,,2002.0
Scientist,William_Ramsay,Q112552801,male,64,,2002.0
Scientist,William_Ramsay,Q112553277,male,64,,2002.0
Scientist,William_Ramsay,Q112554708,female,64,,2002.0
Scientist,William_Ramsay,Q112555904,,64,,2002.0
Scientist,William_Ramsay,Q112560854,male,64,,2002.0
Scientist,William_Ramsay,Q112579990,male,64,,2002.0
Scientist,William_Ramsay,Q11273496,male,64,,2002.0
Scientist,William_Ramsay,Q112816841,male,64,,2002.0
Scientist,William_Ramsay,Q113012873,male,64,,2002.0
Scientist,William_Ramsay,Q113318956,male,64,,2002.0
Scientist,William_Ramsay,Q113501042,male,64,,2002.0
Scientist,William_Ramsay,Q113510488,male,64,,2002.0
Scientist,William_Ramsay,Q113731250,male,64,,2002.0
Scientist,William_Ramsay,Q113733926,female,64,,2002.0
Scientist,William_Ramsay,Q113734122,male,64,,2002.0
Scientist,William_Ramsay,Q113737418,male,64,,2002.0
Scientist,William_Ramsay,Q113737827,female,64,,2002.0
Scientist,William_Ramsay,Q113738877,female,64,,2002.0
Scientist,William_Ramsay,Q113745932,female,64,,2002.0
Scientist,William_Ramsay,Q113752531,female,64,,2002.0
Scientist,William_Ramsay,Q113766743,male,64,,2002.0
Scientist,William_Ramsay,Q113769323,female,64,,2002.0
Scientist,William_Ramsay,Q113777773,male,64,,2002.0
Scientist,William_Ramsay,Q113781261,male,64,,2002.0
Scientist,William_Ramsay,Q113800816,male,64,,2002.0
Scientist,William_Ramsay,Q113803806,female,64,,2002.0
Scientist,William_Ramsay,Q113806104,male,64,,2002.0
Scientist,William_Ramsay,Q113806439,female,64,,2002.0
Scientist,William_Ramsay,Q113822246,female,64,,2002.0
Scientist,William_Ramsay,Q113823715,male,64,,2002.0
Scientist,William_Ramsay,Q113828520,male,64,,2002.0
Scientist,William_Ramsay,Q113829380,male,64,,2002.0
Scientist,William_Ramsay,Q113831932,male,64,,2002.0
Scientist,William_Ramsay,Q113833584,male,64,,2002.0
Scientist,William_Ramsay,Q113833809,male,64,,2002.0
Scientist,William_Ramsay,Q113833925,male,64,,2002.0
Scientist,William_Ramsay,Q113837136,male,64,,2002.0
Scientist,William_Ramsay,Q113842374,female,64,,2002.0
Scientist,William_Ramsay,Q113844527,female,64,,2002.0
Scientist,William_Ramsay,Q113846065,female,64,,2002.0
Scientist,William_Ramsay,Q113846637,female,64,,2002.0
Scientist,William_Ramsay,Q113986809,male,64,,2002.0
Scientist,William_Ramsay,Q114175269,female,64,,2002.0
Scientist,William_Ramsay,Q11470371,male,64,,2002.0
Scientist,William_Ramsay,Q114850497,male,64,,2002.0
Scientist,William_Ramsay,Q11502512,male,64,,2002.0
Scientist,William_Ramsay,Q11542111,male,64,,2002.0
Scientist,William_Ramsay,Q1157258,female,64,,2002.0
Scientist,William_Ramsay,Q1159117,male,64,,2002.0
Scientist,William_Ramsay,Q1167286,male,64,,2002.0
Scientist,William_Ramsay,Q11685352,male,64,,2002.0
Scientist,William_Ramsay,Q11722944,male,64,,2002.0
Scientist,William_Ramsay,Q1173491,male,64,,2002.0
Scientist,William_Ramsay,Q11836334,male,64,,2002.0
Scientist,William_Ramsay,Q11903001,male,64,,2002.0
Scientist,William_Ramsay,Q1190500,trans woman,64,,2002.0
Scientist,William_Ramsay,Q11915179,male,64,,2002.0
Scientist,William_Ramsay,Q11927907,male,64,,2002.0
Scientist,William_Ramsay,Q11938192,male,64,,2002.0
Scientist,William_Ramsay,Q11975649,male,64,,2002.0
Scientist,William_Ramsay,Q121222,male,64,,2002.0
Scientist,William_Ramsay,Q121473,male,64,,2002.0
Scientist,William_Ramsay,Q12222602,male,64,,2002.0
Scientist,William_Ramsay,Q122262,female,64,,2002.0
Scientist,William_Ramsay,Q122559,male,64,,2002.0
Scientist,William_Ramsay,Q12260942,male,64,,2002.0
Scientist,William_Ramsay,Q12339242,male,64,,2002.0
Scientist,William_Ramsay,Q12343486,male,64,,2002.0
Scientist,William_Ramsay,Q12404242,male,64,,2002.0
Scientist,William_Ramsay,Q12457060,male,64,,2002.0
Scientist,William_Ramsay,Q1251472,male,64,,2002.0
Scientist,William_Ramsay,Q1257455,male,64,,2002.0
Scientist,William_Ramsay,Q125842,male,64,,2002.0
Scientist,William_Ramsay,Q12597578,male,64,,2002.0
Scientist,William_Ramsay,Q126314,male,64,,2002.0
Scientist,William_Ramsay,Q12633825,female,64,,2002.0
Scientist,William_Ramsay,Q1266748,male,64,,2002.0
Scientist,William_Ramsay,Q12720334,male,64,,2002.0
Scientist,William_Ramsay,Q12723351,male,64,,2002.0
Scientist,William_Ramsay,Q12735681,male,64,,2002.0
Scientist,William_Ramsay,Q12742094,male,64,,2002.0
Scientist,William_Ramsay,Q12747558,male,64,,2002.0
Scientist,William_Ramsay,Q1278078,male,64,,2002.0
Scientist,William_Ramsay,Q12793433,male,64,,2002.0
Scientist,William_Ramsay,Q1279812,male,64,,2002.0
Scientist,William_Ramsay,Q128460,male,64,,2002.0
Scientist,William_Ramsay,Q1287164,male,64,,2002.0
Scientist,William_Ramsay,Q1287514,male,64,,2002.0
Scientist,William_Ramsay,Q12894100,female,64,,2002.0
Scientist,William_Ramsay,Q1292482,male,64,,2002.0
Scientist,William_Ramsay,Q13091115,male,64,,2002.0
Scientist,William_Ramsay,Q13104839,male,64,,2002.0
Scientist,William_Ramsay,Q1324801,female,64,,2002.0
Scientist,William_Ramsay,Q1331491,female,64,,2002.0
Scientist,William_Ramsay,Q13358832,male,64,,2002.0
Scientist,William_Ramsay,Q1351738,male,64,,2002.0
Scientist,William_Ramsay,Q1352190,male,64,,2002.0
Scientist,William_Ramsay,Q13580304,male,64,,2002.0
Scientist,William_Ramsay,Q1358833,male,64,,2002.0
Scientist,William_Ramsay,Q1362097,male,64,,2002.0
Scientist,William_Ramsay,Q1380845,male,64,,2002.0
Scientist,William_Ramsay,Q1382854,male,64,,2002.0
Scientist,William_Ramsay,Q1395966,female,64,,2002.0
Scientist,William_Ramsay,Q140355,female,64,,2002.0
Scientist,William_Ramsay,Q1414832,male,64,,2002.0
Scientist,William_Ramsay,Q14174766,male,64,,2002.0
Scientist,William_Ramsay,Q142710,male,64,,2002.0
Scientist,William_Ramsay,Q1441551,male,64,,2002.0
Scientist,William_Ramsay,Q1444523,male,64,,2002.0
Scientist,William_Ramsay,Q1446519,male,64,,2002.0
Scientist,William_Ramsay,Q1448520,male,64,,2002.0
Scientist,William_Ramsay,Q1466204,male,64,,2002.0
Scientist,William_Ramsay,Q1467474,male,64,,2002.0
Scientist,William_Ramsay,Q14743826,male,64,,2002.0
Scientist,William_Ramsay,Q1486389,male,64,,2002.0
Scientist,William_Ramsay,Q1486794,female,64,,2002.0
Scientist,William_Ramsay,Q1488978,male,64,,2002.0
Scientist,William_Ramsay,Q14900708,female,64,,2002.0
Scientist,William_Ramsay,Q1504848,male,64,,2002.0
Scientist,William_Ramsay,Q151304,male,64,,2002.0
Scientist,William_Ramsay,Q151932,female,64,,2002.0
Scientist,William_Ramsay,Q152260,female,64,,2002.0
Scientist,William_Ramsay,Q15292901,male,64,,2002.0
Scientist,William_Ramsay,Q15429249,male,64,,2002.0
Scientist,William_Ramsay,Q15429751,male,64,,2002.0
Scientist,William_Ramsay,Q15435786,female,64,,2002.0
Scientist,William_Ramsay,Q15436566,male,64,,2002.0
Scientist,William_Ramsay,Q15444181,male,64,,2002.0
Scientist,William_Ramsay,Q15449511,male,64,,2002.0
Scientist,William_Ramsay,Q1562150,female,64,,2002.0
Scientist,William_Ramsay,Q1577193,male,64,,2002.0
Scientist,William_Ramsay,Q1582210,male,64,,2002.0
Scientist,William_Ramsay,Q15944900,female,64,,2002.0
Scientist,William_Ramsay,Q15967174,male,64,,2002.0
Scientist,William_Ramsay,Q15969068,male,64,,2002.0
Scientist,William_Ramsay,Q1597665,male,64,,2002.0
Scientist,William_Ramsay,Q16025783,male,64,,2002.0
Scientist,William_Ramsay,Q16026232,male,64,,2002.0
Scientist,William_Ramsay,Q1609579,female,64,,2002.0
Scientist,William_Ramsay,Q16116065,male,64,,2002.0
Scientist,William_Ramsay,Q16144684,male,64,,2002.0
Scientist,William_Ramsay,Q16184989,male,64,,2002.0
Scientist,William_Ramsay,Q1618943,male,64,,2002.0
Scientist,William_Ramsay,Q16199073,male,64,,2002.0
Scientist,William_Ramsay,Q16202236,male,64,,2002.0
Scientist,William_Ramsay,Q16203957,male,64,,2002.0
Scientist,William_Ramsay,Q16268920,male,64,,2002.0
Scientist,William_Ramsay,Q16269191,male,64,,2002.0
Scientist,William_Ramsay,Q16299208,male,64,,2002.0
Scientist,William_Ramsay,Q16300532,male,64,,2002.0
Scientist,William_Ramsay,Q16524699,male,64,,2002.0
Scientist,William_Ramsay,Q16526362,male,64,,2002.0
Scientist,William_Ramsay,Q165331,male,64,,2002.0
Scientist,William_Ramsay,Q16615064,male,64,,2002.0
Scientist,William_Ramsay,Q16739217,female,64,,2002.0
Scientist,William_Ramsay,Q1681100,male,64,,2002.0
Scientist,William_Ramsay,Q1682338,male,64,,2002.0
Scientist,William_Ramsay,Q1684720,male,64,,2002.0
Scientist,William_Ramsay,Q1689030,male,64,,2002.0
Scientist,William_Ramsay,Q16906706,male,64,,2002.0
Scientist,William_Ramsay,Q1692585,male,64,,2002.0
Scientist,William_Ramsay,Q16945065,female,64,,2002.0
Scientist,William_Ramsay,Q16948404,female,64,,2002.0
Scientist,William_Ramsay,Q1702375,male,64,,2002.0
Scientist,William_Ramsay,Q1709093,male,64,,2002.0
Scientist,William_Ramsay,Q17123923,male,64,,2002.0
Scientist,William_Ramsay,Q1725618,male,64,,2002.0
Scientist,William_Ramsay,Q17280340,male,64,,2002.0
